9202.012176  	8737.242947  	9594.065851  	10110.38735  	10389.03221  	9893.370677  	9224.442766  	8637.562992  	9638.125631  	10390.06178  	10316.60499  	10128.60835  
9200.875265  	8738.454794  	9580.021996  	10105.79406  	10381.08318  	9883.063188  	9222.132575  	8643.479614  	9634.09684  	10386.97671  	10303.42845  	10099.96058  
9193.342682  	8716.336519  	9558.377176  	10090.6883  	10361.08201  	9869.487134  	9213.488756  	8627.926301  	9630.750425  	10382.43785  	10287.96494  	10073.07151  
9177.813324  	8711.490838  	9545.408043  	10076.27814  	10355.44229  	9854.89338  	9211.420792  	8630.474859  	9629.586936  	10368.39745  	10270.63563  	10063.51081  
9187.164384  	8724.062931  	9580.317295  	10066.53459  	10368.50493  	9891.194673  	9217.649393  	8631.438601  	9638.438906  	10375.41985  	10279.8862  	10098.88968  
9187.822865  	8731.90599  	9559.797021  	10079.02252  	10372.45885  	9858.747042  	9213.339358  	8632.04022  	9630.557814  	10369.69985  	10292.42906  	10070.66376  
9186.624906  	8720.048363  	9552.486737  	10071.15489  	10374.29269  	9858.151808  	9213.242373  	8630.863014  	9622.089523  	10362.58218  	10284.31073  	10051.07771  
9177.531341  	8708.696233  	9550.931939  	10066.85948  	10363.25855  	9847.617399  	9200.578595  	8623.465694  	9622.707706  	10350.48161  	10280.29681  	10049.41305  
9173.296093  	8704.220596  	9558.155098  	10055.46597  	10365.09947  	9845.166988  	9200.396087  	8625.929692  	9625.68278  	10349.23108  	10267.04589  	10066.08837  
9178.703566  	8702.834522  	9567.835144  	10066.23841  	10366.43513  	9849.836813  	9205.862573  	8612.69002  	9633.926278  	10350.59055  	10277.86339  	10080.35179  
9175.491255  	8693.123551  	9564.31752  	10077.65629  	10376.74184  	9839.302537  	9207.426871  	8611.767036  	9627.16801  	10362.06629  	10289.50133  	10062.53013  
9174.978235  	8694.440279  	9561.124357  	10078.78984  	10360.72598  	9824.824705  	9201.684597  	8603.187298  	9623.279599  	10365.46837  	10273.41239  	10053.50239  
9167.957177  	8687.634597  	9547.642619  	10074.56754  	10341.2329  	9826.290081  	9201.71091  	8597.854563  	9627.676894  	10361.52521  	10279.10435  	10038.44368  
9183.316997  	8711.822893  	9585.513282  	10082.4976  	10358.60127  	9862.968636  	9212.271578  	8605.100042  	9636.939074  	10365.62675  	10301.75961  	10075.24331  
9193.366097  	8702.223954  	9574.929529  	10096.62477  	10367.11711  	9837.440567  	9214.045456  	8606.537411  	9630.154599  	10377.31472  	10293.69075  	10059.02823  
9199.315039  	8708.017964  	9566.953231  	10102.59409  	10374.16507  	9838.895541  	9226.868661  	8612.535876  	9635.660502  	10383.87047  	10289.25924  	10057.6034  
9186.56932  	8695.403293  	9548.057003  	10093.79524  	10356.47569  	9821.310792  	9220.882906  	8606.653142  	9624.216556  	10375.54715  	10292.39899  	10046.60441  
9186.701282  	8703.409784  	9560.330101  	10098.8797  	10349.56549  	9833.140376  	9216.216861  	8612.738007  	9622.960818  	10373.06845  	10286.87154  	10046.61579  
9187.699839  	8708.006416  	9571.503385  	10098.5974  	10380.7596  	9844.329273  	9222.953332  	8609.350344  	9636.911914  	10370.25937  	10293.68194  	10069.10829  
9192.257689  	8711.761887  	9559.525526  	10102.32626  	10387.93979  	9847.463357  	9218.034277  	8615.511024  	9628.490887  	10373.83079  	10296.18294  	10044.62205  
9185.942028  	8708.432933  	9551.532914  	10101.66524  	10374.17982  	9840.333497  	9224.014294  	8618.845314  	9624.987137  	10382.91302  	10290.31015  	10033.97385  
9188.976226  	8709.476687  	9551.20782  	10096.65577  	10375.42987  	9822.127638  	9224.749355  	8623.21709  	9628.945073  	10387.99316  	10296.87172  	10013.19  
9197.59358  	8733.252233  	9572.994409  	10109.37924  	10382.5414  	9857.172018  	9238.208778  	8635.991892  	9644.664268  	10399.17435  	10301.97244  	10060.89177  
9209.630403  	8737.132592  	9559.465411  	10118.76779  	10389.5895  	9840.00561  	9237.228341  	8645.026956  	9635.464143  	10409.93499  	10312.38201  	10052.16462  
9214.753891  	8735.943242  	9569.331724  	10120.75229  	10392.66693  	9860.170163  	9241.266911  	8648.663091  	9637.397262  	10413.68201  	10316.54232  	10036.79975  
9203.530982  	8730.894261  	9557.825958  	10111.0077  	10378.64439  	9840.088194  	9236.10049  	8647.591664  	9628.379613  	10409.40741  	10302.3871  	10013.31258  
9203.365709  	8742.627145  	9574.533055  	10096.28726  	10368.98348  	9855.995088  	9236.499061  	8652.578389  	9645.128708  	10405.94817  	10294.65242  	10043.62138  
9204.343534  	8737.104622  	9578.618273  	10097.09188  	10385.89442  	9861.730561  	9231.61255  	8643.433082  	9646.369828  	10422.50229  	10305.44833  	10045.23678  
9218.104273  	8741.233681  	9595.760306  	10116.65289  	10387.58791  	9868.136797  	9237.121184  	8658.786841  	9644.79842  	10426.96991  	10291.54196  	10057.34946  
9200.479302  	8729.825608  	9575.155938  	10100.45252  	10373.94567  	9853.940272  	9225.360474  	8647.920915  	9639.762353  	10412.99985  	10283.92584  	10022.36425  
9200.169661  	8733.21539  	9587.42091  	10092.8825  	10402.48055  	9874.289749  	9227.225055  	8653.51835  	9648.394435  	10403.3421  	10307.61343  	10070.72976  
9188.263723  	8730.890006  	9589.47783  	10086.2229  	10388.15334  	9868.690028  	9214.346617  	8645.916153  	9635.157392  	10401.4884  	10296.69654  	10052.81464  
9199.199994  	8732.146822  	9580.400885  	10093.99093  	10379.2498  	9836.568351  	9211.969373  	8639.853517  	9621.944477  	10395.13191  	10285.96961  	10023.33244  
9186.004946  	8708.855817  	9559.062263  	10089.95717  	10363.73529  	9802.078041  	9202.819374  	8620.564057  	9613.976007  	10386.34067  	10261.16255  	9978.094869  
9189.457869  	8714.958068  	9564.806036  	10078.60009  	10371.44222  	9816.996411  	9209.923008  	8627.848657  	9625.190607  	10387.73533  	10270.11188  	10026.01569  
9186.837158  	8722.518514  	9576.389234  	10077.85261  	10382.36491  	9831.996558  	9214.432221  	8625.34786  	9627.927555  	10390.40086  	10290.3266  	10031.7813  
9181.279213  	8727.468516  	9569.071666  	10081.4301  	10373.76944  	9807.819573  	9210.515338  	8613.74501  	9628.479306  	10391.12288  	10280.98117  	10004.46677  
9180.573781  	8716.90852  	9555.289819  	10089.28129  	10352.48524  	9802.923869  	9208.051264  	8612.431912  	9619.383705  	10401.21902  	10278.89741  	9992.897722  
9189.662386  	8738.147486  	9575.71581  	10090.83879  	10351.89402  	9843.485855  	9209.155153  	8626.822591  	9632.682406  	10394.81162  	10284.69307  	10056.45425  
9187.092426  	8730.44635  	9568.967778  	10087.72257  	10362.15412  	9825.220482  	9218.094629  	8618.381935  	9627.841173  	10403.93169  	10275.60651  	10031.90562  
9190.892008  	8721.911035  	9553.326764  	10095.71354  	10359.46959  	9799.189267  	9221.293042  	8616.471124  	9623.651884  	10407.59569  	10263.82386  	10033.28597  
9191.672916  	8734.179395  	9571.107339  	10095.92371  	10348.95812  	9818.834506  	9220.911322  	8616.17833  	9628.749436  	10406.03079  	10272.2813  	10027.76567  
9182.106204  	8731.177712  	9558.189568  	10093.05313  	10343.21776  	9825.465896  	9207.275821  	8610.568124  	9628.116816  	10399.90788  	10262.90913  	10026.99651  
9194.662404  	8745.865068  	9585.422014  	10107.12136  	10358.22107  	9833.932691  	9216.713213  	8627.196203  	9637.169595  	10404.19186  	10283.13133  	10043.27642  
9191.563152  	8740.295121  	9569.873511  	10109.96106  	10356.07529  	9825.098376  	9220.603943  	8619.399109  	9631.149996  	10411.31789  	10273.96872  	9999.220751  
9188.802591  	8740.877885  	9561.475496  	10108.85345  	10351.37285  	9822.057798  	9210.631268  	8614.835405  	9621.712491  	10397.69298  	10289.95073  	10011.42689  
9182.513372  	8731.310223  	9574.206479  	10097.01216  	10354.49077  	9815.584037  	9216.183657  	8610.472776  	9631.095304  	10390.3124  	10289.30185  	10034.6546  
9183.04252  	8731.206256  	9573.368573  	10099.738  	10361.89531  	9838.170922  	9207.446016  	8614.777579  	9631.903978  	10372.76219  	10293.73101  	10041.71801  
9196.202001  	8731.525517  	9572.297021  	10104.69497  	10370.20966  	9829.261692  	9209.418253  	8617.281523  	9628.55845  	10382.52921  	10300.85488  	10032.80736  
9181.470883  	8727.320906  	9556.269779  	10096.16904  	10355.21378  	9818.657985  	9203.815078  	8607.522784  	9621.824399  	10366.68804  	10280.09619  	10005.11803  
9183.708717  	8729.4887  	9568.852683  	10092.4771  	10355.77549  	9807.569164  	9205.834271  	8610.945536  	9623.377033  	10366.08023  	10279.65216  	10024.18253  
9185.476081  	8731.951756  	9575.011874  	10098.1306  	10361.65091  	9811.207449  	9207.744571  	8607.912544  	9622.845687  	10375.39207  	10286.69154  	10013.92281  
9198.079046  	8738.311171  	9575.538131  	10102.70408  	10378.02122  	9814.038507  	9211.491527  	8623.00176  	9623.429341  	10375.3938  	10302.40222  	10028.59611  
9185.430054  	8727.652132  	9568.1426  	10097.69075  	10352.49608  	9797.438394  	9208.25308  	8615.475171  	9624.989241  	10376.07484  	10292.30438  	10026.40197  
9186.148089  	8735.167121  	9579.051647  	10093.50702  	10372.92296  	9830.673375  	9210.387484  	8621.683311  	9628.214806  	10376.67603  	10294.84397  	10063.69006  
9200.760461  	8737.019186  	9588.696926  	10108.44214  	10392.41938  	9839.285045  	9209.922369  	8635.070292  	9632.09751  	10383.08418  	10300.1288  	10072.07207  
9190.389229  	8730.003991  	9574.064947  	10100.51697  	10384.22428  	9825.17239  	9209.119509  	8626.975867  	9625.517367  	10377.39872  	10290.65151  	10067.48532  
9187.14616  	8721.998992  	9557.858332  	10094.32692  	10369.6659  	9823.841355  	9204.239477  	8628.608584  	9617.255294  	10370.71153  	10288.86529  	10061.53713  
9191.125189  	8727.532084  	9572.770734  	10093.69814  	10371.603  	9841.79786  	9208.405516  	8636.219962  	9634.487731  	10370.54145  	10290.48296  	10098.77711  
9199.644083  	8721.390005  	9577.536132  	10102.79748  	10382.01919  	9845.788696  	9210.031004  	8626.83366  	9622.238168  	10381.39782  	10313.12303  	10088.66032  
9192.916596  	8709.064139  	9576.57996  	10102.48902  	10376.12028  	9835.912745  	9212.658963  	8634.324349  	9632.771846  	10390.07835  	10303.88781  	10095.4828  
9195.755025  	8712.834548  	9576.730181  	10111.67096  	10383.77249  	9836.352775  	9217.009219  	8630.075136  	9638.66691  	10393.94894  	10300.76472  	10107.81965  
9198.227546  	8724.366297  	9590.58642  	10114.33276  	10399.26231  	9873.788264  	9217.784045  	8642.74808  	9649.300861  	10404.49829  	10317.88096  	10162.18252  
9198.444963  	8722.67514  	9584.714465  	10119.46299  	10382.60534  	9862.383503  	9219.618589  	8643.033287  	9649.306572  	10400.79714  	10318.75194  	10125.49516  
9203.130223  	8719.774286  	9582.185924  	10122.54555  	10395.12088  	9864.01073  	9226.4128  	8648.075555  	9651.145144  	10402.94735  	10326.13612  	10124.58081  
9201.02596  	8715.68032  	9573.630061  	10102.12508  	10386.23849  	9853.420084  	9224.288079  	8636.915779  	9642.414098  	10392.12786  	10313.85902  	10091.96795  
9191.218787  	8717.937558  	9577.457325  	10098.55156  	10391.85817  	9864.670399  	9220.034499  	8627.908938  	9641.52783  	10388.95858  	10311.27686  	10127.15034  
9192.718016  	8706.582977  	9571.750554  	10082.63074  	10383.83311  	9864.901037  	9216.955844  	8614.242084  	9629.329583  	10371.90818  	10318.72386  	10086.22033  
9190.916431  	8696.092967  	9562.596122  	10076.00569  	10383.92868  	9848.156828  	9209.215522  	8616.18757  	9628.983802  	10366.99771  	10302.29418  	10063.5803  
9184.07877  	8692.93669  	9552.947732  	10066.50061  	10374.94193  	9832.367395  	9218.032998  	8611.78377  	9621.496614  	10366.31345  	10289.52258  	10043.14739  
9180.542797  	8701.072813  	9566.467449  	10065.89417  	10365.60456  	9824.56825  	9217.411254  	8616.247623  	9621.932908  	10368.03958  	10295.45519  	10074.4346  
9182.262284  	8709.815  	9558.480931  	10072.29639  	10376.06873  	9838.563353  	9217.842716  	8627.727104  	9632.918942  	10377.07351  	10306.73552  	10086.29517  
9200.97874  	8719.008229  	9566.499773  	10090.7468  	10412.49077  	9846.345728  	9232.456926  	8635.65179  	9642.034345  	10392.03604  	10329.02739  	10063.64675  
9200.98732  	8727.19314  	9565.945103  	10103.05941  	10382.71562  	9845.267775  	9239.627212  	8651.470799  	9642.933785  	10399.13145  	10322.62969  	10053.2927  
9193.996725  	8731.792478  	9562.220229  	10097.64512  	10385.05554  	9834.186112  	9237.136493  	8647.269939  	9640.282919  	10403.62999  	10317.03131  	10052.39414  
9195.251843  	8742.441028  	9574.14666  	10103.10282  	10380.5723  	9852.959446  	9239.955095  	8660.914015  	9644.726812  	10401.7999  	10326.82115  	10108.82326  
9195.399535  	8735.540905  	9569.012566  	10090.8144  	10385.32213  	9868.972246  	9233.413757  	8654.898516  	9648.602524  	10404.39756  	10298.83442  	10098.98457  
9196.093814  	8725.616686  	9569.382321  	10100.68747  	10374.79169  	9855.901792  	9231.818079  	8642.777121  	9636.304406  	10402.59212  	10303.25511  	10081.36409  
9184.030003  	8701.484052  	9548.670752  	10083.54751  	10366.63866  	9836.399278  	9215.775402  	8632.441252  	9620.147148  	10395.79164  	10297.77036  	10061.61226  
9186.639504  	8695.350561  	9558.167696  	10085.0182  	10365.34361  	9857.508831  	9220.792107  	8629.75689  	9629.11049  	10393.16727  	10289.41335  	10090.17897  
9203.144449  	8724.3195  	9569.947733  	10094.17625  	10394.19204  	9862.951466  	9222.618599  	8640.513406  	9629.620693  	10391.38229  	10301.16713  	10091.12689  
9196.473047  	8708.981058  	9554.448534  	10093.10999  	10372.82531  	9843.390211  	9230.313625  	8623.815294  	9634.837571  	10391.0411  	10281.19134  	10060.77353  
9187.708274  	8708.374642  	9549.127449  	10090.71057  	10365.30586  	9846.309853  	9220.556561  	8615.785426  	9621.775998  	10383.54355  	10278.96931  	10054.02515  
9193.428469  	8728.92805  	9563.082933  	10079.1793  	10371.14756  	9886.758081  	9225.26648  	8620.615678  	9622.521477  	10387.71078  	10269.59003  	10081.26872  
9185.061151  	8710.891008  	9550.577846  	10069.65587  	10374.67698  	9866.088608  	9210.605483  	8610.533331  	9621.980438  	10364.85376  	10281.20149  	10049.83443  
9194.583331  	8716.177755  	9556.204105  	10086.87718  	10378.53503  	9886.991514  	9219.889842  	8620.282485  	9620.728864  	10372.37406  	10278.06086  	10059.7926  
9178.21866  	8710.457788  	9556.010724  	10072.57338  	10365.82561  	9872.326591  	9213.710355  	8616.527368  	9618.697854  	10373.42246  	10277.72006  	10050.78868  
9171.467612  	8710.593291  	9553.479185  	10058.93006  	10362.5021  	9887.182312  	9206.407339  	8605.366554  	9619.933682  	10350.37053  	10268.66455  	10065.80644  
9174.936076  	8715.796971  	9566.290219  	10050.38536  	10367.12227  	9876.498472  	9206.395804  	8604.134015  	9614.637105  	10346.80149  	10265.32068  	10072.42103  
9183.559489  	8720.294005  	9571.710959  	10071.0349  	10391.11658  	9889.673306  	9208.517846  	8606.601919  	9612.515076  	10355.97477  	10279.66447  	10063.92096  
9181.08658  	8713.722096  	9557.789908  	10062.80445  	10373.88192  	9870.693761  	9205.447532  	8597.415431  	9617.567748  	10359.81249  	10254.23339  	10035.19085  
9186.73376  	8733.144181  	9563.029955  	10067.66246  	10364.36932  	9888.12753  	9210.850139  	8626.195799  	9630.379475  	10361.7357  	10287.19289  	10070.78539  
9191.081025  	8739.57047  	9563.719027  	10086.4835  	10376.89619  	9869.165717  	9208.325897  	8622.320072  	9618.34998  	10364.26767  	10291.19274  	10057.76401  
9191.191158  	8736.505938  	9558.31381  	10094.89652  	10362.33063  	9855.347643  	9216.056383  	8637.795655  	9615.80916  	10376.51971  	10274.79565  	10030.3091  
9197.780212  	8736.114288  	9558.521908  	10098.22387  	10374.1649  	9850.221658  	9219.235415  	8640.935673  	9616.90308  	10388.81895  	10269.91243  	10031.59592  
9194.857563  	8731.220007  	9562.852421  	10098.66621  	10370.0069  	9849.053063  	9222.92587  	8641.106414  	9623.112543  	10388.80191  	10267.855  	10048.8797  
9199.31189  	8737.361915  	9577.648465  	10095.35392  	10378.77862  	9850.677316  	9217.650032  	8644.001768  	9624.582933  	10390.53114  	10292.96703  	10081.29439  
9194.404748  	8725.006038  	9568.629507  	10100.38703  	10374.42965  	9840.868894  	9219.206715  	8638.555963  	9623.80563  	10389.09139  	10293.57586  	10072.2512  
9188.423836  	8696.842899  	9551.516851  	10092.30286  	10365.80262  	9797.733989  	9211.371091  	8619.692276  	9617.660511  	10388.6562  	10281.97562  	10058.5659  
9186.612404  	8692.34413  	9551.360315  	10097.01182  	10345.69308  	9791.991304  	9212.250309  	8616.332762  	9621.671727  	10389.87783  	10275.91583  	10072.31811  
9183.644539  	8690.677517  	9567.928253  	10097.00447  	10349.92077  	9798.692943  	9210.789347  	8612.573774  	9629.82333  	10384.59613  	10274.37582  	10068.29904  
9194.821414  	8699.734986  	9571.752574  	10117.33393  	10353.5592  	9801.740617  	9216.636769  	8615.705244  	9624.833013  	10395.72412  	10284.92589  	10064.81042  
9193.052301  	8688.409692  	9559.554931  	10106.95334  	10348.4287  	9802.436841  	9208.536793  	8612.459736  	9620.023927  	10394.76971  	10289.31393  	10048.79122  
9185.182567  	8689.36305  	9555.120866  	10103.63141  	10369.80682  	9820.07612  	9212.530569  	8607.750287  	9627.091104  	10398.85124  	10296.15389  	10066.40898  
9189.322807  	8704.291506  	9566.286252  	10107.71022  	10364.1252  	9822.661112  	9220.040925  	8626.115485  	9635.384407  	10394.15543  	10302.55842  	10101.25767  
9190.670578  	8704.867887  	9568.015278  	10105.41089  	10367.96264  	9833.814678  	9208.856317  	8623.735757  	9635.188818  	10389.39103  	10310.05715  	10097.65174  
9185.581862  	8700.344691  	9565.902969  	10110.59927  	10379.62938  	9839.471166  	9211.601623  	8622.863595  	9626.67684  	10386.55123  	10307.71402  	10092.37786  
9180.022922  	8701.972682  	9557.622163  	10093.09626  	10365.35504  	9819.418162  	9198.117961  	8616.05378  	9633.982203  	10374.95209  	10293.99502  	10080.87354  
9180.071593  	8712.617465  	9572.667122  	10090.79995  	10362.10725  	9848.410752  	9197.872643  	8624.43097  	9632.36619  	10361.73637  	10296.98372  	10097.38639  
9181.679372  	8712.718769  	9576.71621  	10098.37269  	10374.24128  	9861.659413  	9196.046401  	8626.518352  	9624.843351  	10370.11817  	10306.67905  	10092.40698  
9183.903422  	8706.920298  	9565.391628  	10101.06169  	10357.46549  	9838.488805  	9202.788662  	8625.700296  	9627.565157  	10365.1115  	10294.14452  	10083.04633  
9182.007837  	8710.344608  	9559.897293  	10097.94011  	10380.75011  	9837.862652  	9203.000967  	8638.006664  	9626.955213  	10371.33979  	10288.78009  	10077.33838  
9188.797034  	8719.093128  	9580.477232  	10098.98504  	10378.6838  	9866.55818  	9212.204386  	8642.724391  	9637.339935  	10373.09936  	10297.54791  	10102.50787  
9196.275754  	8723.435297  	9581.54802  	10107.1895  	10393.75761  	9858.85171  	9220.187008  	8642.635208  	9638.452537  	10377.31627  	10320.66568  	10096.61902  
9204.654427  	8729.804037  	9571.100944  	10106.18986  	10393.745  	9854.851254  	9227.538682  	8641.076484  	9642.737501  	10389.76337  	10320.82795  	10081.2977  
9206.383875  	8733.207498  	9578.349065  	10116.10318  	10391.45704  	9850.312052  	9231.663215  	8627.900293  	9636.483768  	10398.73546  	10325.5183  	10079.46486  
9218.509659  	8745.627269  	9594.827373  	10129.67314  	10403.72025  	9859.43038  	9251.766143  	8639.271784  	9651.186559  	10421.44861  	10339.72558  	10070.85902  
9239.966333  	8755.000204  	9601.593947  	10154.05878  	10392.47535  	9841.704237  	9263.378231  	8652.143384  	9659.094561  	10436.75234  	10337.74215  	10061.13971  
9234.628339  	8755.870289  	9596.171429  	10160.86158  	10415.05446  	9838.608708  	9269.459398  	8654.399316  	9659.837191  	10451.50962  	10343.61959  	10047.9005  
9241.664759  	8755.33833  	9595.521666  	10167.93008  	10392.14011  	9851.58255  	9267.705765  	8656.942735  	9655.749612  	10451.97194  	10313.40867  	10052.33436  
9237.176261  	8775.529414  	9618.419452  	10160.78677  	10405.56375  	9861.709494  	9267.409598  	8654.501943  	9669.470454  	10454.55415  	10335.27511  	10061.52815  
9243.19289  	8775.567788  	9608.956414  	10174.92313  	10405.12859  	9862.564826  	9273.543435  	8657.231681  	9668.27802  	10469.37802  	10343.89785  	10048.70793  
9252.431228  	8772.459203  	9612.155344  	10176.27607  	10400.57506  	9858.657528  	9277.460923  	8653.43423  	9664.356322  	10470.31202  	10343.81876  	10048.53654  
9238.168452  	8771.218677  	9603.326787  	10170.10868  	10388.17533  	9849.641342  	9279.217041  	8659.623435  	9666.304981  	10473.49212  	10341.82346  	10045.16252  
9235.420563  	8771.574391  	9618.588868  	10160.30523  	10396.77676  	9890.450691  	9277.00956  	8660.7393  	9672.663625  	10472.07905  	10345.66555  	10079.74355  
9232.188099  	8766.907781  	9608.723438  	10158.28131  	10410.23699  	9894.299665  	9271.049837  	8652.166069  	9665.387335  	10467.73111  	10359.15754  	10067.18822  
9249.570417  	8779.371798  	9606.917609  	10162.095  	10398.61105  	9894.606325  	9277.676802  	8654.609474  	9655.101117  	10458.92733  	10329.35526  	10050.75453  
9230.820781  	8756.392828  	9584.358379  	10152.63343  	10397.03719  	9866.686181  	9266.349991  	8643.855823  	9638.599656  	10443.80017  	10324.91741  	10045.43327  
9228.228666  	8765.031625  	9596.304305  	10142.76442  	10387.98437  	9897.102671  	9252.566648  	8639.022479  	9643.913565  	10434.4415  	10312.29244  	10056.25074  
9230.102925  	8757.624587  	9591.26063  	10144.43527  	10375.0587  	9882.229581  	9244.063587  	8641.595466  	9637.308175  	10427.52915  	10310.26348  	10047.24619  
9233.394199  	8759.325866  	9586.694092  	10144.80039  	10390.38743  	9871.67924  	9247.968568  	8635.632237  	9631.153788  	10424.74797  	10312.77913  	10043.1238  
9230.070392  	8751.919211  	9578.603789  	10135.72688  	10385.48672  	9872.027268  	9245.175049  	8628.873855  	9632.176144  	10421.80533  	10301.07017  	10027.75059  
9223.872865  	8758.851108  	9585.132342  	10134.97988  	10405.53962  	9881.877101  	9233.836935  	8627.372747  	9636.925271  	10412.11154  	10319.496  	10052.23415  
9221.228801  	8764.372548  	9590.428745  	10137.78931  	10402.31102  	9876.688719  	9236.617133  	8643.0796  	9636.916395  	10407.35616  	10312.21879  	10046.17983  
9225.657922  	8759.20422  	9594.207986  	10139.9934  	10409.23217  	9865.305007  	9233.339676  	8643.763369  	9638.753035  	10406.93112  	10316.87802  	10044.33607  
9214.72914  	8759.380436  	9593.094835  	10137.47013  	10410.70224  	9873.936443  	9235.392183  	8655.778474  	9648.768016  	10403.87423  	10327.29867  	10082.61031  
9207.672903  	8759.411106  	9593.278067  	10129.14572  	10409.44351  	9872.828525  	9217.544675  	8651.912038  	9655.099766  	10404.36273  	10322.38018  	10071.75982  
9205.799045  	8754.686327  	9584.049469  	10126.37099  	10405.32673  	9867.635121  	9221.158173  	8649.975024  	9649.727735  	10401.99053  	10326.14405  	10059.40053  
9201.44504  	8731.975953  	9577.529275  	10113.97391  	10385.99559  	9838.428005  	9213.233029  	8639.975897  	9635.496099  	10391.35997  	10302.49834  	10052.57176  
9189.601583  	8734.953892  	9570.030218  	10098.26759  	10387.93405  	9850.116612  	9194.942247  	8635.693571  	9634.793469  	10378.36038  	10299.25855  	10069.36698  
9186.825199  	8724.921927  	9573.056695  	10084.12935  	10379.44119  	9834.554433  	9191.782178  	8636.376931  	9633.129396  	10370.15362  	10290.37635  	10079.08875  
9181.197351  	8726.910247  	9572.991106  	10083.9737  	10385.98935  	9832.017749  	9195.901116  	8639.415401  	9625.638422  	10362.85608  	10292.90213  	10063.81285  
9172.783224  	8715.192147  	9568.269493  	10080.39749  	10389.68847  	9836.339882  	9193.345896  	8634.175133  	9631.076968  	10362.21774  	10294.10856  	10067.83341  
9170.628744  	8703.019975  	9562.746109  	10066.17569  	10362.23627  	9813.608729  	9188.193938  	8626.507202  	9617.708716  	10363.62875  	10275.06784  	10074.56491  
9179.151098  	8713.355118  	9569.757674  	10074.68509  	10379.17967  	9864.384704  	9198.848276  	8635.460895  	9621.194893  	10368.87233  	10291.80123  	10115.38033  
9190.232309  	8700.938032  	9575.901191  	10091.24859  	10380.8775  	9856.532935  	9210.737545  	8627.30205  	9622.898132  	10383.00842  	10303.41881  	10091.45755  
9206.254504  	8715.851084  	9572.468554  	10108.9622  	10388.08813  	9840.117399  	9228.20345  	8639.810961  	9631.03207  	10404.20533  	10298.21631  	10064.1304  
9206.428553  	8716.593637  	9579.702074  	10111.49697  	10382.90077  	9815.21912  	9236.264681  	8632.242816  	9640.154995  	10426.56095  	10289.03034  	10053.2804  
9224.231123  	8759.539753  	9610.013041  	10141.8302  	10399.55594  	9866.678842  	9262.344105  	8663.895724  	9670.235002  	10440.84928  	10325.96632  	10092.6364  
9238.445337  	8754.763135  	9608.640109  	10156.49017  	10419.31371  	9852.008941  	9264.95138  	8655.890299  	9665.022704  	10466.20932  	10310.15524  	10069.07491  
9243.711447  	8765.269856  	9614.623721  	10173.75848  	10414.94892  	9842.870084  	9281.795397  	8671.26846  	9668.520399  	10478.78643  	10334.05857  	10074.45883  
9248.769514  	8765.758941  	9609.140233  	10176.86494  	10404.74085  	9815.902857  	9284.475668  	8670.660891  	9676.824961  	10487.35183  	10336.13743  	10037.06765  
9254.064222  	8767.529781  	9615.379952  	10189.24252  	10414.13303  	9839.537664  	9289.756373  	8677.312057  	9681.416966  	10492.83985  	10325.55077  	10055.79065  
9248.637372  	8774.97968  	9614.588599  	10186.98106  	10412.99315  	9853.055021  	9286.444101  	8675.859996  	9681.456909  	10492.91856  	10325.02506  	10047.24864  
9255.462445  	8785.865437  	9616.816201  	10210.56357  	10416.36632  	9838.320963  	9281.942279  	8686.812196  	9673.758816  	10488.00576  	10330.78371  	10039.17823  
9240.808503  	8770.154741  	9600.617065  	10186.93963  	10394.72137  	9834.495628  	9270.808625  	8669.446434  	9665.62012  	10473.68909  	10316.55438  	10048.60296  
9233.775544  	8763.805393  	9607.880624  	10165.56762  	10396.53797  	9855.74357  	9257.803456  	8674.653452  	9659.520841  	10453.18024  	10324.17857  	10088.97698  
9230.623551  	8755.731105  	9606.245241  	10146.30282  	10396.60841  	9863.487896  	9243.66669  	8669.247493  	9641.831724  	10420.81717  	10325.85487  	10096.83185  
9200.192132  	8728.392825  	9580.071111  	10110.84811  	10387.58528  	9845.558094  	9230.203272  	8641.858999  	9639.381928  	10394.56766  	10307.58415  	10081.87175  
9198.507952  	8723.294486  	9574.490474  	10099.31417  	10384.92002  	9825.208703  	9222.319706  	8642.839534  	9647.5549  	10374.82185  	10308.66028  	10078.81894  
9196.425832  	8729.33504  	9590.476333  	10086.90671  	10392.59637  	9849.769917  	9218.231604  	8649.117294  	9663.342518  	10366.75821  	10301.02096  	10118.20791  
9208.85051  	8730.143529  	9601.718439  	10086.65047  	10408.04805  	9860.282662  	9227.258587  	8642.168442  	9660.321231  	10375.6788  	10315.71797  	10105.40969  
9204.743678  	8730.865913  	9609.424956  	10085.9162  	10393.36831  	9848.145984  	9224.874563  	8652.669027  	9678.252769  	10364.31785  	10313.5247  	10114.85156  
9200.985899  	8714.313446  	9589.595323  	10068.67599  	10374.79584  	9859.360266  	9216.527865  	8632.466261  	9666.612684  	10355.59664  	10310.51593  	10112.6788  
9185.711049  	8722.828894  	9596.832772  	10054.1116  	10373.14626  	9882.572398  	9208.643538  	8626.50686  	9666.380483  	10342.81898  	10302.22557  	10117.18173  
9194.696968  	8721.644339  	9591.445156  	10064.73483  	10390.16864  	9888.086194  	9208.112508  	8630.993362  	9658.735908  	10341.71931  	10310.44533  	10098.1224  
9176.708193  	8718.017411  	9588.411292  	10049.04249  	10383.66073  	9859.321584  	9200.554406  	8626.652761  	9635.694566  	10333.58487  	10287.97954  	10098.11483  
9162.136121  	8714.136851  	9564.617821  	10035.43461  	10365.75902  	9861.725858  	9191.45193  	8619.735191  	9627.450704  	10313.97545  	10287.07192  	10068.08602  
9156.254195  	8719.202855  	9578.221524  	10036.98871  	10374.44659  	9881.894517  	9179.30832  	8618.133915  	9630.484647  	10300.36456  	10280.09788  	10110.42649  
9162.760796  	8712.791726  	9579.254872  	10031.20168  	10387.46988  	9859.875692  	9180.094354  	8621.327868  	9614.437903  	10313.25285  	10293.31027  	10077.80737  
9167.035689  	8712.18204  	9555.426919  	10041.54929  	10367.7946  	9876.451773  	9181.032431  	8614.908061  	9609.180963  	10311.61959  	10281.71236  	10083.19639  
9156.598671  	8701.582379  	9542.993483  	10022.77834  	10369.95342  	9872.655212  	9177.2032  	8610.022138  	9600.94472  	10301.8672  	10264.28828  	10070.08652  
9149.867957  	8701.120403  	9554.184683  	10020.26602  	10359.25449  	9869.567686  	9179.71162  	8611.20469  	9603.258002  	10307.70886  	10275.40937  	10093.18497  
9150.582113  	8700.52638  	9545.623271  	10035.80565  	10367.75528  	9854.972546  	9174.384822  	8610.136212  	9601.672231  	10315.49202  	10278.27446  	10055.07805  
9150.620893  	8687.02928  	9534.417341  	10026.93433  	10363.30917  	9839.880464  	9173.569654  	8601.607516  	9594.773022  	10312.40984  	10276.29369  	10042.03164  
9139.371826  	8674.719518  	9525.587706  	10019.07591  	10345.2416  	9813.411599  	9169.666554  	8597.864064  	9586.832064  	10316.2414  	10261.02212  	10034.38928  
9146.70801  	8689.811681  	9536.742075  	10014.70363  	10356.38124  	9840.020973  	9170.889214  	8600.459344  	9594.183611  	10318.00306  	10267.92078  	10072.61197  
9141.834183  	8668.061675  	9526.937561  	10017.80941  	10363.25471  	9816.616958  	9169.680251  	8594.780744  	9580.045932  	10323.41354  	10263.65806  	10039.2174  
9146.154741  	8666.847747  	9513.766007  	10017.59027  	10357.23009  	9801.737831  	9171.003701  	8593.727154  	9576.199223  	10320.61935  	10260.16035  	10016.48939  
9151.279146  	8670.404881  	9510.585243  	10028.56612  	10352.05563  	9799.314873  	9189.897614  	8602.945088  	9580.630193  	10341.75169  	10267.13591  	10037.70104  
9153.014995  	8674.456151  	9523.008072  	10032.95336  	10353.7765  	9800.21683  	9181.601503  	8592.569391  	9581.357752  	10342.82345  	10263.1129  	10052.02371  
9154.334001  	8684.467483  	9535.641889  	10054.20341  	10340.89232  	9807.326242  	9190.004513  	8595.084318  	9583.066135  	10361.42242  	10279.18308  	10031.61569  
9164.179482  	8686.058141  	9518.636829  	10053.1197  	10360.45061  	9802.55365  	9191.613168  	8596.518473  	9582.437195  	10365.53964  	10274.61239  	10029.78248  
9162.838677  	8683.472329  	9523.02898  	10050.54409  	10366.57207  	9810.722692  	9199.50368  	8592.400608  	9588.9273  	10372.35736  	10279.4633  	10026.51216  
9163.843334  	8682.47491  	9534.728476  	10041.79752  	10360.504  	9823.804375  	9205.114834  	8593.636593  	9589.416711  	10371.59721  	10288.6361  	10046.18277  
9172.957081  	8694.595113  	9538.617733  	10056.86533  	10376.08786  	9821.389528  	9202.587889  	8595.014755  	9588.157173  	10374.19331  	10283.15074  	10035.21295  
9176.320535  	8693.391391  	9536.801404  	10066.95693  	10375.18807  	9807.716099  	9213.173804  	8595.233468  	9583.82021  	10384.4489  	10300.72393  	10026.50209  
9186.882392  	8693.804813  	9541.715346  	10079.40265  	10358.5385  	9814.577375  	9216.088591  	8607.073114  	9594.562747  	10393.99043  	10278.07698  	10025.30375  
9188.846862  	8688.296729  	9533.500226  	10081.41476  	10353.93298  	9804.726046  	9218.667584  	8606.205728  	9595.136286  	10397.7243  	10275.33546  	10019.90962  
9200.325181  	8713.914711  	9558.84599  	10110.44802  	10377.82325  	9835.292503  	9229.677613  	8613.706755  	9604.102139  	10416.77842  	10308.50856  	10047.31845  
9200.744305  	8705.373529  	9543.792514  	10115.7107  	10398.88123  	9817.962701  	9236.079773  	8614.65546  	9614.01567  	10428.04106  	10297.94255  	10019.05148  
9211.256885  	8726.864954  	9566.503035  	10127.62806  	10391.96529  	9823.55351  	9246.080087  	8627.751709  	9626.143984  	10442.45675  	10302.32677  	10024.37716  
9225.645051  	8749.231086  	9587.930793  	10137.4323  	10389.11019  	9822.860713  	9258.86085  	8647.429523  	9648.354469  	10460.77081  	10323.66931  	10050.6869  
9241.097806  	8765.327364  	9592.491732  	10169.0974  	10417.40384  	9842.716989  	9269.873881  	8657.754615  	9656.355603  	10481.73741  	10336.113  	10063.4128  
9254.17538  	8774.189451  	9600.563201  	10191.49678  	10419.07822  	9850.895224  	9276.285303  	8675.941647  	9661.543391  	10491.43584  	10340.94168  	10071.34804  
9248.729394  	8763.789442  	9594.735931  	10188.72113  	10421.20808  	9842.967898  	9275.464823  	8676.468096  	9664.265598  	10487.57786  	10330.19818  	10076.25085  
9239.977547  	8759.418571  	9590.286509  	10191.86222  	10416.70617  	9866.239305  	9274.136666  	8679.40754  	9664.753981  	10479.1401  	10342.54741  	10105.87479  
9234.508475  	8752.149461  	9597.780648  	10173.96825  	10410.39482  	9872.296995  	9260.405288  	8673.310347  	9668.598965  	10470.68153  	10344.81624  	10115.44523  
9227.104159  	8746.333609  	9582.935887  	10165.48139  	10412.33717  	9867.237392  	9259.321009  	8661.142897  	9660.288872  	10458.91085  	10335.22398  	10108.24231  
9212.48111  	8732.243531  	9573.658602  	10151.5967  	10387.79954  	9839.312052  	9247.164708  	8643.892215  	9645.023153  	10437.26533  	10331.36185  	10084.3135  
9210.452125  	8720.168008  	9551.880278  	10138.37117  	10382.63717  	9826.402091  	9238.072995  	8641.506806  	9633.422107  	10434.25864  	10320.96301  	10071.80834  
9203.037782  	8710.585353  	9552.857719  	10131.29663  	10392.35241  	9830.811565  	9230.549598  	8636.333256  	9628.127955  	10429.009  	10319.17457  	10092.22084  
9190.653547  	8704.29665  	9556.03042  	10114.51255  	10386.1984  	9838.929335  	9223.699167  	8633.817011  	9616.916276  	10416.42493  	10315.7485  	10072.60807  
9194.999895  	8707.602221  	9557.649022  	10119.26094  	10371.85481  	9819.635576  	9221.143397  	8624.712342  	9626.944559  	10410.98066  	10313.83507  	10073.78347  
9189.873838  	8707.275798  	9549.882337  	10101.2312  	10379.24256  	9812.978604  	9217.593924  	8620.951555  	9617.717297  	10405.04011  	10299.45221  	10066.8832  
9190.790392  	8708.016707  	9552.177362  	10101.2022  	10382.86857  	9822.780821  	9218.450414  	8628.746491  	9632.663673  	10401.81218  	10292.59894  	10076.5008  
9201.844072  	8741.221248  	9585.246902  	10109.61094  	10394.41632  	9897.686235  	9226.333854  	8652.389582  	9654.882198  	10407.64504  	10331.65503  	10144.89651  
9204.634975  	8738.707753  	9584.216019  	10118.54121  	10409.75684  	9875.736308  	9225.358068  	8649.373877  	9649.934474  	10412.02692  	10327.36077  	10116.444  
9203.099501  	8729.966749  	9572.258506  	10114.24232  	10391.78446  	9841.814321  	9233.332035  	8652.866714  	9647.885562  	10412.97567  	10322.49246  	10085.17382  
9191.470788  	8715.684948  	9561.720643  	10101.17141  	10365.43977  	9848.625102  	9229.263785  	8638.828882  	9638.132396  	10400.40138  	10326.65289  	10084.24751  
9198.822682  	8730.274893  	9575.867808  	10096.7954  	10394.51725  	9867.655881  	9225.326561  	8656.183565  	9649.995424  	10393.52204  	10326.05481  	10113.77955  
9197.632862  	8734.082094  	9587.77499  	10095.19856  	10403.39489  	9859.71342  	9226.868628  	8647.460472  	9645.690711  	10392.14103  	10329.95334  	10098.05333  
9190.794007  	8732.658001  	9583.246686  	10091.81829  	10401.45699  	9848.103846  	9217.015467  	8638.761712  	9640.481319  	10372.63213  	10325.99788  	10110.10064  
9179.879293  	8708.244635  	9556.490594  	10077.81699  	10384.91066  	9836.096508  	9212.620655  	8623.421375  	9625.57269  	10371.84639  	10318.36186  	10081.76582  
9169.925514  	8710.61672  	9559.227164  	10065.66126  	10369.42635  	9840.732995  	9200.119191  	8618.518289  	9621.402825  	10362.88583  	10308.90932  	10089.75468  
9166.185543  	8701.660091  	9562.841591  	10060.74731  	10369.59048  	9844.653299  	9193.227277  	8609.913441  	9626.645203  	10345.51637  	10301.39013  	10086.91112  
9184.666921  	8710.336347  	9560.668286  	10064.50112  	10386.30987  	9868.900751  	9202.374385  	8619.406723  	9627.775535  	10338.3088  	10310.42884  	10105.98111  
9176.766358  	8705.658427  	9552.044715  	10056.09346  	10389.52147  	9869.768244  	9191.96619  	8611.132921  	9627.864922  	10336.99365  	10291.88128  	10105.19115  
9177.279403  	8721.958937  	9575.761554  	10059.53391  	10388.78504  	9907.461059  	9202.271282  	8628.955644  	9634.445786  	10342.76861  	10309.76289  	10126.87425  
9187.919747  	8731.328553  	9581.522282  	10078.26733  	10381.80304  	9906.077086  	9200.606358  	8623.803463  	9635.330226  	10349.27897  	10315.20465  	10125.83811  
9197.885612  	8740.314752  	9589.369233  	10092.17919  	10398.47876  	9912.468049  	9203.995078  	8636.294815  	9634.032857  	10355.4364  	10311.00936  	10117.25995  
9184.617697  	8727.161276  	9572.923812  	10082.62605  	10381.2351  	9918.929969  	9200.007105  	8635.205197  	9630.57214  	10350.10467  	10297.1665  	10113.83544  
9188.810849  	8734.349242  	9576.389722  	10083.85292  	10392.27021  	9924.716206  	9206.213709  	8635.37377  	9629.562561  	10344.9802  	10317.30995  	10147.42959  
9185.761502  	8729.838459  	9572.744781  	10090.32017  	10383.59445  	9908.076242  	9202.55763  	8627.39297  	9625.552978  	10351.00032  	10299.61772  	10105.39381  
9190.157079  	8727.344993  	9577.315923  	10081.10159  	10372.85785  	9916.2982  	9199.443933  	8626.833574  	9616.825492  	10353.12854  	10290.61764  	10106.8214  
9177.14578  	8716.185499  	9561.210001  	10072.37255  	10363.29516  	9871.916767  	9193.836128  	8619.231181  	9621.445235  	10350.46511  	10278.87225  	10084.30523  
9185.161425  	8735.274682  	9573.231394  	10070.47204  	10364.0232  	9886.00233  	9193.896284  	8620.276706  	9624.64006  	10344.283  	10285.55121  	10103.97517  
9190.493567  	8734.083024  	9570.511741  	10082.10906  	10373.988  	9894.029772  	9203.499568  	8628.537178  	9626.68338  	10361.60225  	10284.61684  	10084.10716  
9186.773001  	8730.634815  	9569.552336  	10086.64082  	10370.58196  	9886.297791  	9208.493227  	8627.802883  	9624.243221  	10369.88834  	10290.50169  	10076.14504  
9188.991876  	8736.703867  	9571.236937  	10088.51213  	10372.7309  	9889.374454  	9215.54841  	8630.724737  	9628.212881  	10376.57832  	10287.56415  	10081.62212  
9200.762876  	8747.520804  	9588.753609  	10103.87561  	10393.44696  	9905.569685  	9220.939095  	8636.034132  	9641.996741  	10389.8774  	10296.96086  	10087.05359  
9215.329417  	8763.845814  	9601.021154  	10125.22999  	10401.37039  	9916.213949  	9233.279494  	8649.896166  	9649.727786  	10409.54272  	10320.94892  	10104.27689  
9209.63224  	8757.035124  	9587.181525  	10119.9157  	10397.04042  	9903.614273  	9232.633868  	8649.358467  	9647.531011  	10408.51744  	10311.57146  	10094.93938  
9211.15184  	8767.688198  	9597.914159  	10125.30433  	10414.06137  	9938.47076  	9236.107378  	8656.190929  	9645.972035  	10409.87243  	10325.68672  	10122.46788  
9213.510485  	8756.996062  	9597.6147  	10129.55358  	10401.12339  	9925.005645  	9234.180319  	8648.336044  	9647.799266  	10413.71825  	10315.49094  	10108.45491  
9202.462664  	8745.266813  	9577.986523  	10119.88487  	10399.40211  	9916.605985  	9233.158027  	8643.671659  	9637.030544  	10407.62802  	10300.48176  	10090.88096  
9191.600216  	8731.704192  	9554.002285  	10106.18184  	10385.36288  	9898.613479  	9227.301989  	8631.348514  	9633.087263  	10399.01314  	10298.17729  	10074.68914  
9201.816689  	8754.967356  	9580.58344  	10103.98629  	10370.18742  	9918.733739  	9238.325303  	8644.511501  	9634.724799  	10409.20388  	10308.55789  	10104.55142  
9203.244728  	8737.533448  	9570.909778  	10113.00415  	10385.5434  	9888.249687  	9232.739645  	8632.049865  	9627.065233  	10410.22398  	10301.46636  	10068.62927  
9204.340456  	8745.268168  	9563.573088  	10110.3673  	10387.12659  	9872.717917  	9235.289892  	8633.313156  	9627.3215  	10414.50952  	10299.21617  	10049.81366  
9218.213197  	8753.253976  	9584.171515  	10113.98336  	10377.53098  	9867.329988  	9242.663521  	8638.900492  	9637.878753  	10431.85263  	10296.58504  	10054.30029  
9235.509656  	8770.436974  	9601.276469  	10139.43878  	10411.54889  	9891.728186  	9254.968704  	8657.560246  	9658.913595  	10444.77384  	10310.61987  	10054.58208  
9252.518581  	8790.861555  	9611.598987  	10173.53792  	10419.38504  	9883.198056  	9265.28141  	8677.087913  	9671.350708  	10471.08024  	10325.69803  	10077.2696  
9249.513833  	8792.049828  	9610.200754  	10175.21479  	10397.4897  	9884.939408  	9270.676757  	8681.096983  	9673.102761  	10466.07883  	10329.90278  	10063.8837  
9242.804439  	8798.160909  	9622.341669  	10180.1639  	10399.05279  	9892.048217  	9271.029642  	8686.364771  	9676.841871  	10465.30294  	10333.86073  	10086.25837  
9239.671507  	8790.737455  	9611.150695  	10180.48253  	10408.00875  	9883.820207  	9267.196193  	8683.771578  	9670.044206  	10469.89682  	10338.16005  	10084.32095  
9254.218729  	8801.518181  	9615.845589  	10199.26021  	10412.50585  	9890.731203  	9280.425182  	8688.264537  	9668.289454  	10479.2382  	10338.81982  	10070.81085  
9250.923358  	8785.695751  	9596.609922  	10186.75804  	10424.32449  	9870.634585  	9277.008833  	8690.901249  	9662.869093  	10471.53153  	10342.40338  	10042.53564  
9250.983185  	8799.617783  	9612.29782  	10184.41316  	10406.76567  	9856.57289  	9277.333893  	8688.52475  	9657.805467  	10468.99594  	10342.88964  	10060.67381  
9249.152588  	8792.779553  	9611.321598  	10184.67429  	10419.70971  	9857.516872  	9275.676889  	8690.397194  	9665.787595  	10485.31013  	10350.66943  	10053.9663  
9259.853758  	8803.487683  	9600.258216  	10187.7407  	10408.19337  	9849.772443  	9281.169003  	8693.010302  	9662.492326  	10480.64786  	10354.91479  	10032.59637  
9246.954335  	8791.263443  	9595.111962  	10184.3523  	10410.90606  	9838.856811  	9286.830319  	8696.647091  	9659.272982  	10485.99938  	10329.92025  	10026.82899  
9248.686275  	8795.921993  	9608.959127  	10176.6327  	10398.8582  	9862.854334  	9296.381299  	8701.211653  	9670.016025  	10484.60175  	10357.61005  	10063.91844  
9243.487977  	8787.850746  	9601.23339  	10178.73196  	10412.34357  	9851.341915  	9285.91174  	8702.236263  	9664.68237  	10490.94865  	10353.59464  	10055.26675  
9251.507271  	8802.420236  	9609.787102  	10200.53852  	10416.81157  	9844.956921  	9291.248664  	8711.600164  	9670.428137  	10497.33292  	10347.06326  	10069.79691  
9246.097377  	8788.308445  	9597.561526  	10189.15311  	10411.05348  	9847.900436  	9279.664023  	8711.316006  	9674.479005  	10494.54863  	10357.50026  	10078.70389  
9225.528025  	8755.607769  	9589.923929  	10161.21049  	10392.4541  	9861.082994  	9259.13953  	8694.00185  	9660.109004  	10468.7944  	10344.31232  	10095.89884  
9216.115627  	8762.368747  	9610.922577  	10145.73995  	10408.11072  	9893.201419  	9259.707483  	8696.437395  	9672.110808  	10456.59057  	10350.16924  	10146.32457  
9207.325442  	8745.672878  	9591.049499  	10130.20252  	10385.4987  	9854.241812  	9234.381352  	8667.04287  	9645.895849  	10433.26306  	10333.12138  	10109.967  
9200.277636  	8720.695607  	9571.252903  	10108.32905  	10370.96241  	9826.894572  	9230.374607  	8651.034854  	9639.492222  	10417.79282  	10307.61708  	10061.91075  
9192.639821  	8711.262785  	9564.147519  	10108.42114  	10352.50156  	9785.101977  	9226.14147  	8633.91096  	9628.592925  	10414.93159  	10287.56445  	10044.44426  
9187.509547  	8707.926284  	9563.124472  	10092.28472  	10347.34967  	9810.320317  	9234.630355  	8625.133851  	9628.665251  	10410.77004  	10276.43575  	10037.64446  
9179.013321  	8693.621904  	9567.964259  	10084.27755  	10360.40147  	9793.498237  	9217.934276  	8612.917754  	9626.292263  	10412.35661  	10286.47057  	10012.15423  
9176.373949  	8692.657405  	9566.946291  	10081.2923  	10333.17724  	9795.415437  	9214.820871  	8605.277969  	9626.562794  	10396.33059  	10278.76554  	10000.06753  
9164.040115  	8675.362458  	9554.822388  	10064.72465  	10322.52699  	9776.573621  	9208.303642  	8590.731505  	9629.702294  	10388.86844  	10245.31353  	9989.558174  
9165.959455  	8686.079145  	9574.834985  	10065.3904  	10336.36179  	9815.261362  	9203.179084  	8592.540088  	9635.559542  	10382.02512  	10260.68184  	10023.10244  
9178.507311  	8696.629561  	9586.988239  	10078.94814  	10346.63234  	9809.221755  	9204.997765  	8593.557628  	9638.754221  	10381.8684  	10273.67754  	10036.40455  
9181.308103  	8704.698418  	9586.743964  	10089.43639  	10352.74916  	9811.68997  	9209.837956  	8604.399249  	9640.984781  	10387.83103  	10272.8546  	10015.25176  
9180.402758  	8706.390725  	9577.682127  	10072.86543  	10342.13732  	9808.128912  	9201.766852  	8599.675148  	9646.757548  	10382.21332  	10264.43981  	10000.93383  
9183.303132  	8716.647035  	9594.777225  	10070.12081  	10352.17819  	9841.899913  	9208.2148  	8608.4668  	9660.238524  	10378.73068  	10278.12969  	10040.48416  
9184.120877  	8706.078825  	9591.773631  	10065.83654  	10356.57908  	9836.144607  	9209.43162  	8608.651768  	9655.768544  	10379.88704  	10269.29484  	10048.9589  
9188.4878  	8719.044792  	9593.07773  	10073.4416  	10364.40713  	9858.042403  	9207.434039  	8613.872823  	9654.063776  	10376.11081  	10277.24176  	10059.49189  
9171.877581  	8690.032184  	9560.535919  	10059.953  	10359.38477  	9829.686629  	9198.749839  	8608.026139  	9642.217925  	10359.12389  	10273.77162  	10048.39348  
9175.511365  	8699.196261  	9569.300051  	10048.381  	10356.44833  	9845.211047  	9196.472478  	8616.192924  	9637.570144  	10340.70397  	10270.4842  	10082.94941  
9162.920995  	8678.949204  	9559.964308  	10033.80668  	10351.26246  	9839.760927  	9182.015561  	8605.766764  	9629.000439  	10333.05249  	10263.62459  	10065.63383  
9169.195122  	8683.878814  	9554.582379  	10036.02358  	10364.61623  	9846.158381  	9182.70336  	8607.866378  	9623.215039  	10324.82216  	10266.27443  	10076.00348  
9164.065382  	8685.143384  	9545.308908  	10026.5412  	10357.74726  	9852.450645  	9186.505231  	8608.392495  	9620.397253  	10324.53974  	10277.80689  	10070.40162  
9169.381475  	8674.653388  	9527.776974  	10022.76716  	10357.04965  	9834.06892  	9191.54651  	8606.248478  	9607.160228  	10331.42387  	10263.285  	10058.16844  
9188.225109  	8707.377658  	9564.833716  	10046.37886  	10369.16405  	9867.480489  	9214.315895  	8624.321812  	9630.697583  	10344.68491  	10305.66287  	10109.87293  
9195.942188  	8705.324426  	9557.916605  	10058.34387  	10384.24868  	9845.037537  	9215.077865  	8614.129078  	9623.422933  	10358.55628  	10297.84231  	10100.26112  
9213.780883  	8723.285002  	9561.937305  	10082.72337  	10366.73651  	9851.104381  	9234.379724  	8629.20184  	9632.895059  	10387.41968  	10303.68577  	10075.24665  
9211.51892  	8723.48659  	9564.408844  	10093.82769  	10379.67436  	9840.684539  	9232.618391  	8628.428278  	9633.671778  	10389.78711  	10302.33131  	10046.46969  
9221.910623  	8732.89803  	9571.986429  	10113.96965  	10386.35395  	9849.130583  	9244.743639  	8632.241367  	9647.939862  	10411.01127  	10300.97529  	10054.31901  
9235.240032  	8765.072895  	9598.187727  	10115.87897  	10404.36629  	9869.145049  	9264.025718  	8660.255032  	9665.203391  	10441.90108  	10318.96093  	10097.00594  
9242.113197  	8759.527948  	9591.510915  	10143.06598  	10407.83744  	9891.186551  	9274.356373  	8667.461984  	9666.626831  	10466.09871  	10326.25962  	10089.05278  
9267.790909  	8779.288245  	9610.287079  	10174.73289  	10429.88773  	9891.358971  	9284.983611  	8685.142393  	9681.266364  	10483.17527  	10335.77552  	10093.57001  
9256.290333  	8770.25339  	9589.22865  	10174.52276  	10409.42344  	9883.317765  	9289.178345  	8685.12467  	9682.974452  	10496.52651  	10329.65597  	10089.4342  
9255.032484  	8759.131847  	9590.92452  	10176.15842  	10412.36125  	9879.538462  	9286.055321  	8680.850733  	9681.48441  	10496.10867  	10344.86902  	10098.29591  
9261.842103  	8777.371519  	9620.398848  	10186.31864  	10428.64021  	9935.175379  	9298.422784  	8696.002224  	9691.965789  	10492.5821  	10351.53755  	10154.94621  
9250.974291  	8762.929343  	9604.302907  	10181.38736  	10410.1895  	9904.180327  	9275.767812  	8675.210155  	9667.305381  	10484.72008  	10348.2532  	10122.15294  
9241.672582  	8747.690317  	9576.731237  	10175.79959  	10400.45426  	9877.270143  	9268.335586  	8664.280896  	9655.326909  	10473.64189  	10323.32091  	10074.75365  
9242.277888  	8746.429101  	9570.545439  	10160.55283  	10394.28909  	9854.307574  	9273.399286  	8652.989568  	9652.895186  	10475.64564  	10313.73596  	10061.78422  
9229.140895  	8753.471375  	9586.723286  	10153.62231  	10385.68624  	9851.578656  	9269.634658  	8655.006785  	9652.886364  	10469.75946  	10312.48413  	10050.93284  
9225.321088  	8753.74466  	9584.861528  	10142.54194  	10385.29275  	9843.052065  	9256.954435  	8647.407148  	9652.779415  	10456.54217  	10323.15834  	10058.44643  
9239.775789  	8778.884171  	9608.745883  	10157.23847  	10409.87326  	9865.167495  	9276.49962  	8670.714333  	9657.594905  	10475.65347  	10314.46189  	10050.63013  
9227.351926  	8751.004267  	9574.56455  	10135.95379  	10378.65392  	9818.019664  	9264.316503  	8650.770954  	9653.547989  	10465.54877  	10303.8095  	10013.6159  
9219.88324  	8754.842122  	9584.465393  	10130.32716  	10388.58253  	9818.321619  	9259.088043  	8649.716553  	9656.016767  	10453.02712  	10302.9229  	10017.85044  
9226.205531  	8763.263143  	9600.48482  	10133.98804  	10390.80387  	9847.330838  	9272.511141  	8662.724258  	9669.13141  	10466.86029  	10325.78226  	10060.17088  
9244.321948  	8784.328414  	9610.072347  	10156.53442  	10408.26013  	9866.814137  	9285.179698  	8688.659277  	9667.844247  	10486.17175  	10337.49197  	10057.23915  
9237.447944  	8780.973162  	9592.977552  	10144.85856  	10414.23333  	9864.728996  	9282.792793  	8686.018293  	9677.499654  	10480.94954  	10338.06042  	10049.6763  
9229.913271  	8777.112967  	9594.776835  	10150.5535  	10417.2912  	9877.35694  	9280.357351  	8685.799818  	9669.805227  	10476.06226  	10340.12017  	10057.11111  
9235.376797  	8789.982726  	9607.527964  	10165.12643  	10422.20341  	9903.52878  	9277.290232  	8678.827716  	9669.743819  	10468.82961  	10347.6038  	10091.92145  
9229.856894  	8782.200515  	9601.04454  	10160.36378  	10418.68378  	9910.336113  	9264.424787  	8675.845197  	9671.790926  	10457.15469  	10337.09868  	10096.35164  
9241.127101  	8788.671704  	9600.630476  	10165.25995  	10429.5932  	9922.894031  	9269.940049  	8689.825498  	9658.178334  	10452.55596  	10355.48919  	10094.86886  
9233.090851  	8762.421718  	9574.906417  	10158.4916  	10408.13105  	9877.182544  	9268.233303  	8666.436201  	9646.026926  	10453.71255  	10322.42357  	10061.2451  
9223.847221  	8754.087916  	9556.068664  	10149.73561  	10392.88138  	9857.039485  	9252.34426  	8649.750439  	9632.192662  	10441.4398  	10297.75143  	10036.60483  
9231.200893  	8757.876995  	9578.824677  	10138.76576  	10392.071  	9879.480934  	9238.71123  	8642.454665  	9631.021353  	10422.19946  	10311.3499  	10074.03413  
9220.358953  	8747.511357  	9563.42384  	10133.75668  	10387.27641  	9863.430428  	9228.120481  	8637.264388  	9624.370087  	10408.6776  	10287.17532  	10053.92976  
9219.94674  	8759.680971  	9581.098893  	10130.5052  	10383.38446  	9902.203454  	9214.610302  	8630.564243  	9620.537765  	10375.19724  	10283.21809  	10099.94988  
9206.881677  	8722.032989  	9550.621756  	10115.29286  	10374.22621  	9867.859296  	9209.798878  	8616.638629  	9604.877336  	10362.31656  	10274.43615  	10058.99581  
9193.15041  	8709.069004  	9532.967118  	10105.22677  	10369.40372  	9818.719724  	9207.112053  	8601.845697  	9605.263772  	10364.06104  	10261.32202  	10014.14991  
9217.011853  	8745.726638  	9560.145907  	10123.45884  	10394.43676  	9878.308756  	9218.659019  	8621.995176  	9618.985044  	10362.98444  	10281.89854  	10041.74013  
9221.816427  	8749.74348  	9560.768334  	10136.38188  	10399.22566  	9849.574057  	9237.689881  	8622.462584  	9616.447817  	10387.43126  	10290.03647  	10033.30595  
9226.102449  	8735.365596  	9564.681178  	10147.60815  	10408.18361  	9850.358377  	9235.961638  	8628.429241  	9617.791146  	10392.2603  	10304.97608  	10042.57432  
9222.898497  	8745.884645  	9555.791541  	10141.78045  	10401.27851  	9846.860253  	9229.749551  	8629.610428  	9621.619257  	10395.35705  	10302.61602  	10049.31903  
9228.977373  	8750.666776  	9579.500661  	10140.78151  	10415.19381  	9877.83351  	9232.594887  	8640.124398  	9640.858878  	10385.97437  	10309.72265  	10087.65675  
9220.458127  	8737.208123  	9584.771708  	10135.15384  	10423.91405  	9873.010666  	9227.46456  	8643.744274  	9638.720045  	10377.67299  	10319.61887  	10099.02638  
9210.73568  	8745.542589  	9588.575078  	10114.71633  	10421.90581  	9886.378335  	9223.932254  	8642.80544  	9632.377975  	10366.04585  	10326.12444  	10121.38034  
9189.067976  	8721.309657  	9570.045868  	10090.28695  	10393.05614  	9860.431153  	9202.8059  	8630.41678  	9619.51134  	10338.37323  	10297.72892  	10109.95865  
9173.342681  	8713.045045  	9548.188333  	10062.72742  	10378.52911  	9852.301354  	9187.947079  	8615.103011  	9607.767317  	10306.75895  	10298.58561  	10094.33596  
9161.418191  	8703.122159  	9569.721987  	10039.02568  	10371.80428  	9867.785394  	9172.618162  	8604.690174  	9611.750672  	10292.99293  	10283.5352  	10122.18797  
9143.233512  	8673.92741  	9535.599796  	10008.41899  	10361.74794  	9835.22204  	9150.43899  	8578.948212  	9588.869012  	10268.39215  	10276.37599  	10062.04499  
9133.406618  	8662.041717  	9522.838269  	9996.526953  	10341.58978  	9817.404812  	9150.295425  	8568.413215  	9570.014955  	10268.81232  	10255.20026  	10058.34801  
9133.169445  	8665.525388  	9523.18622  	9994.170077  	10327.37667  	9811.965173  	9151.963582  	8565.899408  	9576.182331  	10259.69469  	10254.80212  	10039.60806  
9147.027725  	8674.062535  	9533.570504  	10009.51779  	10335.57613  	9815.427082  	9158.315568  	8576.328114  	9587.975322  	10271.27705  	10237.13823  	10067.68686  
9155.779938  	8683.789328  	9554.131349  	10019.94014  	10351.04643  	9845.500169  	9167.42368  	8568.644479  	9585.854245  	10286.4637  	10246.19865  	10050.37097  
9181.475998  	8701.072712  	9559.662771  	10051.2704  	10353.84205  	9815.640143  	9189.619751  	8582.238378  	9599.291004  	10314.76888  	10274.44975  	10041.33236  
9192.86172  	8713.840139  	9554.424196  	10064.21858  	10365.78047  	9808.919497  	9207.962526  	8595.808456  	9609.271622  	10346.14785  	10287.26052  	10023.55809  
9203.074446  	8726.835161  	9578.878139  	10095.45203  	10375.52953  	9849.526998  	9224.736817  	8599.089358  	9626.262451  	10375.02471  	10300.44674  	10039.40395  
9238.85416  	8775.175874  	9624.235486  	10143.47856  	10429.44595  	9915.65203  	9259.615766  	8652.029758  	9664.77503  	10409.83613  	10339.88519  	10136.20959  
9240.085135  	8776.277374  	9618.635696  	10154.516  	10423.04375  	9889.367808  	9263.37991  	8651.134935  	9671.128691  	10437.58407  	10339.99545  	10122.06196  
9257.853299  	8788.857353  	9622.416124  	10178.57094  	10420.01329  	9892.54733  	9273.140765  	8690.190951  	9681.506281  	10456.40378  	10354.91409  	10104.48027  
9251.99201  	8789.919586  	9614.9145  	10180.63352  	10420.15592  	9886.475226  	9272.401239  	8677.807633  	9678.199594  	10473.19473  	10353.01728  	10097.74622  
9239.072823  	8782.248031  	9612.462332  	10168.11056  	10430.98976  	9906.050966  	9270.790882  	8685.703314  	9681.683907  	10467.26026  	10348.13211  	10128.17949  
9236.211958  	8786.834751  	9611.957502  	10179.3989  	10414.96022  	9905.668092  	9265.452296  	8686.384107  	9670.329554  	10473.56954  	10341.77645  	10110.76236  
9230.432062  	8777.416189  	9607.540867  	10165.89176  	10426.86347  	9901.064714  	9247.804367  	8678.381102  	9659.373686  	10448.18211  	10348.10854  	10120.64891  
9203.840076  	8755.244307  	9586.522432  	10129.33039  	10408.43456  	9886.770813  	9229.127022  	8658.791468  	9633.890334  	10433.58495  	10311.03388  	10087.66516  
9186.533338  	8747.107959  	9564.6018  	10112.37771  	10372.5523  	9893.369627  	9211.058846  	8640.956419  	9627.155651  	10410.40812  	10292.27824  	10077.21115  
9188.986535  	8765.271003  	9607.472369  	10105.37052  	10393.87432  	9941.074771  	9212.453284  	8651.195858  	9646.522864  	10391.49774  	10298.59024  	10118.78496  
9183.809615  	8750.763598  	9582.307628  	10089.86775  	10372.89062  	9900.288511  	9205.595247  	8632.43995  	9629.830295  	10394.31821  	10298.36498  	10089.22748  
9190.494046  	8746.39683  	9565.398363  	10093.17096  	10376.47873  	9868.751217  	9217.911589  	8640.923869  	9620.567053  	10405.27216  	10290.32295  	10056.08451  
9194.926687  	8736.484945  	9558.935403  	10108.4441  	10374.25793  	9845.948961  	9222.027415  	8635.293844  	9632.63266  	10418.39287  	10288.56628  	10035.58707  
9206.758314  	8747.302425  	9565.977098  	10119.9567  	10386.09547  	9867.684596  	9246.301058  	8653.163119  	9648.37451  	10441.04176  	10303.92378  	10052.91262  
9223.371578  	8764.934821  	9576.735638  	10147.26979  	10403.00542  	9870.725943  	9251.458884  	8668.332622  	9667.537366  	10446.79619  	10311.45794  	10082.2323  
9238.626766  	8777.632138  	9593.648705  	10171.70307  	10405.78746  	9865.519163  	9267.068078  	8679.659643  	9667.608611  	10456.36512  	10333.75789  	10072.33358  
9237.647347  	8773.972998  	9596.521355  	10184.99638  	10417.17036  	9856.563758  	9263.570414  	8686.241612  	9678.232932  	10460.65794  	10337.7835  	10071.98635  
9253.025466  	8788.618068  	9610.291747  	10190.10492  	10388.74307  	9866.945679  	9256.971083  	8700.208553  	9680.740159  	10465.86951  	10316.91233  	10112.94713  
9236.557362  	8785.418031  	9615.039197  	10189.77098  	10389.69544  	9895.433157  	9245.218768  	8690.684132  	9683.132438  	10460.13163  	10319.837  	10117.18813  
9226.174416  	8763.688142  	9591.551022  	10169.78557  	10382.82661  	9861.015418  	9238.638743  	8669.862595  	9657.416944  	10448.99395  	10296.36118  	10081.40074  
9219.417176  	8760.770215  	9573.75713  	10165.63384  	10387.48431  	9860.580711  	9221.773828  	8657.288411  	9652.60386  	10436.80457  	10304.45606  	10061.44154  
9209.20457  	8747.943843  	9560.025009  	10144.80507  	10370.59989  	9837.246656  	9216.70287  	8654.496847  	9645.24999  	10426.16695  	10279.51795  	10047.86229  
9214.095866  	8760.181831  	9586.993374  	10146.99038  	10379.34488  	9879.595095  	9240.39301  	8663.595262  	9659.645382  	10437.7792  	10301.21931  	10072.91713  
9210.668791  	8745.831397  	9568.635811  	10143.69635  	10366.04804  	9839.418151  	9227.580372  	8652.438893  	9646.626192  	10442.50821  	10298.75974  	10049.89145  
9221.474265  	8754.328512  	9575.902003  	10142.92892  	10378.59114  	9813.671943  	9235.863942  	8658.251487  	9652.821289  	10449.43577  	10306.63096  	10027.66007  
9215.120715  	8744.437623  	9567.573962  	10134.32468  	10365.80249  	9806.589046  	9241.953822  	8660.849038  	9653.33923  	10459.60889  	10296.00452  	10033.51786  
9221.70178  	8760.863374  	9586.067918  	10152.61485  	10393.68076  	9846.702227  	9254.849953  	8675.533951  	9659.49198  	10481.05863  	10311.79287  	10048.47228  
9221.418407  	8767.188609  	9590.509724  	10165.64605  	10405.08004  	9836.653871  	9263.149448  	8686.001151  	9670.437214  	10500.511  	10333.8452  	10057.49021  
9227.507764  	8775.426634  	9599.471803  	10172.21877  	10400.53785  	9863.698085  	9267.800362  	8699.657609  	9671.485801  	10518.21649  	10328.93339  	10073.67532  
9201.914945  	8760.706967  	9575.860868  	10154.31509  	10375.82817  	9845.449254  	9261.479373  	8700.098279  	9660.547404  	10511.99074  	10311.97875  	10058.46868  
9197.239164  	8742.181743  	9575.755714  	10126.81857  	10392.98713  	9849.701647  	9253.10535  	8695.176098  	9648.131918  	10492.20255  	10317.12304  	10058.14277  
9195.628979  	8751.941987  	9580.926775  	10116.53869  	10383.85643  	9874.482985  	9247.920969  	8686.41006  	9654.682979  	10477.65587  	10315.3875  	10091.30021  
9194.254125  	8727.324593  	9552.192576  	10110.87815  	10391.27448  	9852.946998  	9240.676745  	8676.480412  	9636.980151  	10475.10592  	10306.04575  	10062.84092  
9192.316698  	8718.781663  	9541.174222  	10101.06951  	10391.39792  	9833.364098  	9233.256867  	8655.21331  	9629.010145  	10457.19149  	10304.09051  	10032.16088  
9194.753265  	8715.169112  	9545.637339  	10104.3205  	10365.08713  	9806.363923  	9231.784437  	8643.31986  	9623.489917  	10444.03245  	10282.40675  	10014.00267  
9193.825121  	8722.127458  	9554.652686  	10104.11308  	10375.85344  	9800.713397  	9223.52188  	8638.928606  	9618.721338  	10427.2974  	10286.72381  	10023.43557  
9183.973997  	8699.445243  	9540.616301  	10108.59455  	10363.08807  	9807.97978  	9218.255907  	8634.048544  	9617.450807  	10429.12581  	10281.00981  	10006.65513  
9194.077547  	8700.803518  	9542.324586  	10110.94846  	10373.28963  	9789.959688  	9221.251779  	8631.389167  	9618.280365  	10431.74394  	10273.72232  	10011.24868  
9188.934253  	8709.847212  	9546.981954  	10110.97912  	10366.49962  	9787.361445  	9219.366964  	8627.386401  	9610.012691  	10435.04175  	10293.11174  	10004.42462  
9188.957279  	8721.189001  	9555.619646  	10111.16593  	10366.99529  	9799.917309  	9219.721286  	8636.203445  	9611.038606  	10436.95398  	10270.81283  	9998.740974  
9187.154118  	8734.527128  	9569.988277  	10115.29347  	10373.3968  	9835.481994  	9220.814154  	8652.353589  	9624.015298  	10442.58356  	10287.00888  	10038.03358  
9192.628512  	8739.301135  	9575.355612  	10121.03022  	10410.90677  	9850.792482  	9222.355123  	8657.759673  	9633.146978  	10440.20951  	10311.31391  	10059.66163  
9190.854598  	8748.302739  	9584.469141  	10114.2654  	10415.14533  	9864.346734  	9218.153948  	8658.223815  	9637.068769  	10419.3692  	10324.29457  	10101.03636  
9180.750657  	8740.769889  	9572.619793  	10087.45469  	10400.98048  	9877.390307  	9201.758062  	8654.658904  	9631.241211  	10387.97792  	10321.97761  	10116.82766  
9165.545824  	8725.890977  	9568.534029  	10060.9927  	10384.84885  	9878.649939  	9189.874783  	8636.44767  	9626.03101  	10355.34093  	10309.81654  	10129.7829  
9152.733708  	8705.052507  	9563.956804  	10033.67895  	10385.01547  	9863.678607  	9178.29239  	8633.423181  	9618.995551  	10323.52388  	10318.91348  	10132.44658  
9150.335439  	8701.940309  	9561.741233  	10020.546  	10390.76747  	9875.612287  	9171.515029  	8619.344549  	9607.444371  	10293.73772  	10305.63908  	10132.95535  
9138.604655  	8683.654138  	9550.125929  	9997.030658  	10375.03557  	9862.7796  	9159.884825  	8606.139382  	9597.464366  	10278.96184  	10294.2951  	10107.2983  
9127.275171  	8668.923846  	9534.337115  	9979.243416  	10356.5842  	9860.029678  	9144.74775  	8588.795492  	9587.487172  	10249.64779  	10281.81451  	10099.20232  
9123.446296  	8669.864452  	9546.043824  	9964.304458  	10350.74382  	9863.475982  	9140.695385  	8579.726894  	9595.750393  	10235.64797  	10284.44668  	10110.01472  
9108.562892  	8662.642298  	9532.379099  	9948.279575  	10348.7491  	9837.931948  	9135.404937  	8576.585982  	9581.658104  	10224.13039  	10261.02383  	10093.00346  
9115.703712  	8657.798298  	9529.705641  	9944.917158  	10343.49989  	9836.640157  	9133.832737  	8570.083239  	9579.235238  	10218.81897  	10251.98523  	10079.22819  
9116.380887  	8653.851919  	9525.289403  	9945.107747  	10339.50858  	9833.901863  	9130.296801  	8567.711003  	9575.331752  	10221.46601  	10259.36474  	10070.71474  
9115.328545  	8660.009665  	9539.353488  	9946.932148  	10345.14036  	9849.514123  	9134.16346  	8565.555101  	9583.581687  	10213.70209  	10274.76675  	10093.05138  
9110.435122  	8654.250199  	9539.739192  	9935.376841  	10347.46187  	9857.992115  	9131.64386  	8572.511406  	9583.488735  	10218.79334  	10261.12056  	10096.59809  
9114.072359  	8662.088155  	9534.525913  	9942.445009  	10328.5196  	9850.885356  	9135.519175  	8567.812519  	9587.829066  	10216.39531  	10265.31375  	10083.03883  
9118.021153  	8659.340422  	9520.935645  	9944.958694  	10345.54021  	9854.262586  	9138.878016  	8572.109246  	9582.57513  	10225.61716  	10249.17342  	10074.01482  
9114.213945  	8659.437846  	9522.463169  	9950.619414  	10330.41331  	9862.061314  	9138.769309  	8563.736045  	9584.105023  	10220.50314  	10251.94001  	10072.37897  
9118.260578  	8675.936945  	9545.211272  	9947.978745  	10340.7328  	9899.782161  	9144.095773  	8569.807102  	9591.309156  	10234.37601  	10260.03999  	10121.11121  
9114.160797  	8659.971805  	9532.554922  	9943.816439  	10348.81535  	9862.852262  	9138.064879  	8568.145284  	9589.601613  	10236.47549  	10251.75406  	10066.24974  
9116.779074  	8647.873815  	9520.805618  	9952.121282  	10340.9424  	9836.476466  	9143.083963  	8560.284659  	9581.764948  	10242.63076  	10258.02421  	10051.22045  
9130.009033  	8641.640105  	9526.852177  	9966.199395  	10342.42576  	9812.663605  	9142.139111  	8550.039113  	9577.292193  	10242.42371  	10251.19656  	10038.43938  
9130.354363  	8649.137049  	9528.777855  	9973.465613  	10337.78927  	9811.756051  	9149.287296  	8563.357583  	9580.936489  	10254.62108  	10247.44224  	10043.80491  
9140.911379  	8647.898284  	9532.725547  	9994.341226  	10334.55008  	9795.326868  	9154.996416  	8567.808281  	9598.978818  	10259.51395  	10258.88947  	10049.57655  
9145.030581  	8652.447817  	9527.59115  	9998.345788  	10320.88019  	9790.234839  	9157.380106  	8565.600406  	9587.034618  	10268.16609  	10252.32577  	10024.83002  
9152.415924  	8659.17138  	9534.149671  	10010.94817  	10335.37369  	9815.190157  	9169.920815  	8579.738242  	9591.757903  	10284.52208  	10260.13925  	10035.16839  
9153.688196  	8663.761341  	9538.418872  	10016.57133  	10334.526  	9812.677083  	9168.776423  	8578.952786  	9589.473232  	10294.32842  	10257.17438  	10039.08283  
9162.536157  	8681.749557  	9557.305437  	10035.75062  	10324.1824  	9804.895957  	9183.67087  	8586.578769  	9601.450399  	10307.33087  	10262.06642  	10061.05863  
9180.366048  	8701.25571  	9568.649158  	10051.61372  	10358.49562  	9814.788704  	9203.761666  	8593.698031  	9613.830997  	10334.81475  	10291.4555  	10048.48997  
9185.503259  	8698.823155  	9559.527732  	10070.99394  	10364.26399  	9818.958889  	9214.24283  	8595.939397  	9619.834174  	10369.28424  	10283.3821  	10022.62197  
9201.620418  	8714.961178  	9573.580088  	10092.11445  	10378.6327  	9820.834498  	9229.097845  	8610.636272  	9630.426773  	10391.64966  	10302.34049  	10022.7983  
9213.2726  	8725.614607  	9588.478455  	10113.98479  	10395.13528  	9834.972105  	9245.415884  	8634.044045  	9653.873777  	10425.08807  	10315.45853  	10048.40087  
9228.910406  	8750.480983  	9602.679169  	10134.66745  	10407.57332  	9867.228598  	9268.26037  	8643.763177  	9670.074453  	10446.4139  	10336.77589  	10068.28962  
9242.598041  	8771.527866  	9625.211155  	10155.10352  	10421.99473  	9881.327085  	9285.490009  	8660.217974  	9681.273111  	10476.44644  	10345.90351  	10087.74177  
9250.936209  	8777.347064  	9628.369243  	10175.35882  	10423.82441  	9901.769414  	9304.626376  	8677.801299  	9680.116519  	10491.75283  	10363.33238  	10086.81696  
9254.26174  	8792.585914  	9628.422428  	10186.67082  	10430.95177  	9901.695138  	9307.009965  	8686.423556  	9684.247799  	10502.31925  	10366.18656  	10077.21183  
9248.501996  	8790.486444  	9628.156099  	10187.62619  	10412.82199  	9904.950314  	9304.805034  	8691.142099  	9687.854291  	10511.17919  	10348.46015  	10079.93824  
9247.227995  	8792.429516  	9624.587975  	10183.52724  	10408.70786  	9922.50629  	9300.023257  	8690.493921  	9680.422315  	10502.93522  	10343.57228  	10099.3307  
9221.336084  	8792.786747  	9631.74244  	10161.85299  	10380.9666  	9940.681589  	9271.847234  	8684.560497  	9660.690901  	10474.95411  	10332.85474  	10115.66014  
9207.960912  	8748.519414  	9575.456971  	10138.56222  	10371.79254  	9875.933559  	9251.761516  	8652.210236  	9637.317633  	10445.58106  	10298.13598  	10043.48636  
9225.264958  	8764.846143  	9594.868516  	10152.50381  	10389.76223  	9890.545398  	9263.565212  	8652.713365  	9641.812822  	10456.757  	10333.44375  	10046.03028  
9233.999119  	8764.624885  	9588.544091  	10156.68389  	10387.73463  	9874.28605  	9270.506461  	8658.373379  	9658.125976  	10468.19583  	10319.18409  	10034.4429  
9246.178894  	8790.103668  	9622.587679  	10182.64261  	10399.28042  	9912.446049  	9286.268409  	8682.830862  	9680.859949  	10502.92338  	10331.21241  	10076.47357  
9253.514126  	8800.891407  	9625.20331  	10200.19396  	10418.33355  	9900.191056  	9286.675551  	8685.116494  	9687.788425  	10512.98884  	10347.16395  	10104.18778  
9258.419591  	8806.576089  	9614.218119  	10230.46866  	10441.93235  	9912.392621  	9294.278037  	8706.767  	9679.745148  	10525.5943  	10350.47564  	10080.54576  
9258.719812  	8800.57458  	9607.754245  	10230.43566  	10414.9868  	9878.042229  	9296.796418  	8703.854179  	9675.339209  	10532.80236  	10346.34169  	10090.10836  
9252.871838  	8794.096663  	9601.548554  	10228.41077  	10412.55907  	9859.290654  	9294.379095  	8706.664433  	9673.057106  	10523.55083  	10339.53953  	10071.24119  
9279.276845  	8806.958226  	9634.708225  	10245.32493  	10458.91936  	9899.763084  	9307.706468  	8704.095949  	9696.930114  	10535.70097  	10377.13937  	10134.99261  
9265.182759  	8781.48029  	9606.020644  	10231.94321  	10431.82154  	9858.857356  	9293.333134  	8686.441579  	9671.892381  	10526.36782  	10355.41987  	10086.11001  
9257.742181  	8765.159584  	9599.867305  	10218.28263  	10409.86587  	9832.748382  	9283.178764  	8672.651096  	9675.224694  	10514.41698  	10353.53461  	10063.56803  
9243.592509  	8760.492546  	9579.730373  	10202.30857  	10405.94927  	9836.803653  	9274.395523  	8668.53311  	9658.282344  	10497.02604  	10324.19545  	10061.5703  
9227.545815  	8745.431396  	9585.812373  	10193.6242  	10397.09154  	9826.355001  	9262.526211  	8657.133013  	9660.656167  	10482.57621  	10333.54035  	10058.64689  
9229.270946  	8748.477399  	9586.966872  	10190.01824  	10398.49512  	9831.046104  	9254.081779  	8657.323808  	9658.779039  	10473.20895  	10320.94414  	10060.04773  
9219.77705  	8750.115499  	9595.035925  	10176.41689  	10411.92609  	9861.329008  	9247.832456  	8652.608622  	9654.9115  	10451.67016  	10331.63397  	10085.71848  
9202.459131  	8735.046048  	9575.646288  	10148.86751  	10389.40133  	9837.677453  	9229.903312  	8639.865489  	9636.84126  	10424.94941  	10302.2088  	10085.3163  
9189.514666  	8724.213367  	9580.579262  	10123.59933  	10390.75212  	9871.622999  	9220.946723  	8640.636751  	9632.646202  	10408.30364  	10293.91306  	10087.12479  
9181.366837  	8726.708153  	9569.419437  	10099.08088  	10380.97545  	9880.306013  	9199.969991  	8624.529025  	9631.802938  	10381.2999  	10304.78331  	10110.22209  
9167.332944  	8708.500709  	9550.231444  	10084.3345  	10376.23224  	9853.493814  	9190.249944  	8606.89278  	9603.84567  	10361.46089  	10281.43026  	10065.98986  
9166.535339  	8696.933057  	9536.185384  	10070.02424  	10356.18203  	9839.797134  	9196.573466  	8590.796032  	9606.939323  	10357.83699  	10275.564  	10043.6179  
9166.450893  	8704.402846  	9523.749712  	10051.54272  	10364.12405  	9845.468551  	9190.423711  	8599.254695  	9595.712425  	10351.58053  	10260.5945  	10043.15505  
9171.539877  	8707.404766  	9540.829244  	10060.05479  	10369.24342  	9843.398717  	9194.853843  	8606.119768  	9604.156367  	10347.30134  	10275.76389  	10043.76693  
9160.654865  	8689.120848  	9539.891385  	10065.59637  	10369.12272  	9827.479389  	9196.375319  	8591.652509  	9599.531062  	10363.56854  	10257.59955  	10044.52026  
9166.914118  	8686.497888  	9543.760928  	10066.25832  	10367.23116  	9830.490959  	9198.076681  	8581.723853  	9605.459388  	10367.81335  	10278.2766  	10043.12466  
9164.146135  	8686.185699  	9538.340651  	10056.6025  	10354.39316  	9827.315135  	9189.66642  	8580.329119  	9596.235983  	10360.97904  	10251.12373  	10035.02618  
9168.561398  	8694.793467  	9559.539321  	10056.43161  	10356.57431  	9855.451736  	9183.210255  	8593.896253  	9607.210229  	10346.66274  	10263.24384  	10068.0678  
9183.200369  	8718.686318  	9572.688456  	10070.86924  	10374.17918  	9874.90723  	9195.936078  	8610.728756  	9617.618964  	10339.40359  	10286.80691  	10091.91531  
9177.305713  	8702.234616  	9562.186357  	10060.69048  	10355.41619  	9824.454565  	9189.866408  	8601.128125  	9611.237674  	10348.17922  	10270.56821  	10037.66109  
9203.783127  	8725.185004  	9563.40569  	10085.78388  	10364.20293  	9808.575349  	9208.054457  	8624.305859  	9628.531801  	10361.17569  	10309.55662  	10036.49644  
9201.46147  	8719.382462  	9563.78854  	10083.9031  	10379.79774  	9820.505888  	9223.709724  	8635.529136  	9629.907449  	10380.35845  	10302.22849  	10026.26337  
9208.075159  	8731.914356  	9558.628819  	10093.50792  	10379.3492  	9834.069576  	9232.01298  	8637.921268  	9640.061399  	10399.25109  	10298.9086  	10031.10732  
9227.785898  	8755.15226  	9573.621141  	10126.40355  	10379.39625  	9845.2377  	9239.730452  	8651.457965  	9636.133345  	10408.53315  	10301.02973  	10069.39066  
9237.359525  	8771.347682  	9601.825378  	10136.07583  	10394.13729  	9875.82279  	9244.281996  	8661.569533  	9647.290518  	10411.01926  	10309.17889  	10088.61489  
9248.638285  	8767.988118  	9598.748781  	10151.66499  	10411.25313  	9853.676437  	9257.776386  	8665.563154  	9664.772776  	10420.04509  	10322.9286  	10083.11664  
9250.002859  	8772.85461  	9592.236159  	10154.11645  	10405.05794  	9841.960382  	9261.966508  	8666.264224  	9663.57043  	10430.40584  	10321.13055  	10068.49926  
9265.5531  	8780.008613  	9606.657703  	10173.8177  	10414.26229  	9868.913057  	9278.980554  	8677.995297  	9678.28171  	10432.10246  	10329.63329  	10091.88741  
9259.428257  	8783.927767  	9620.526711  	10168.12753  	10399.15718  	9871.084365  	9269.849933  	8672.390886  	9687.164382  	10433.0202  	10315.8018  	10101.09793  
