8967.503073  	8421.235026  	9431.749237  	9858.654988  	10252.83582  	9714.081407  	9316.08701  	8706.444393  	9624.390667  	10450.88394  	10172.55196  	9968.10917  
8974.58076  	8422.71912  	9433.619029  	9864.470707  	10253.18691  	9689.944862  	9311.30069  	8697.389801  	9616.756239  	10437.64131  	10158.90777  	9937.306335  
8964.746372  	8412.823365  	9424.617863  	9857.347038  	10246.90291  	9674.550499  	9311.837371  	8694.755333  	9598.368568  	10435.26702  	10157.26128  	9933.193786  
8954.787647  	8397.404422  	9411.389918  	9846.077634  	10235.61707  	9664.396848  	9306.013378  	8686.798024  	9595.477621  	10432.94754  	10139.24221  	9920.046265  
8948.185698  	8404.524316  	9408.165836  	9833.065661  	10218.47507  	9660.524051  	9295.820761  	8676.255832  	9594.146252  	10424.62798  	10128.84807  	9910.047337  
8936.85432  	8392.154633  	9409.919613  	9825.245614  	10230.20757  	9666.991189  	9291.641876  	8677.208564  	9594.828269  	10411.80167  	10129.26256  	9930.236585  
8955.839205  	8408.211933  	9419.161772  	9839.582911  	10228.46951  	9686.389602  	9301.30651  	8674.894819  	9589.185765  	10427.51133  	10146.00273  	9926.271451  
8951.434635  	8394.273663  	9406.621994  	9834.367988  	10222.90048  	9660.574307  	9300.682027  	8678.346471  	9584.739515  	10420.75379  	10131.61431  	9899.280094  
8951.453009  	8389.861894  	9411.070938  	9841.878576  	10222.95788  	9669.518035  	9290.916318  	8676.811683  	9587.067079  	10419.7724  	10137.84063  	9909.116238  
8964.57508  	8410.721061  	9425.058317  	9845.396949  	10243.71766  	9709.301705  	9306.067138  	8692.861294  	9608.463359  	10429.21001  	10148.16208  	9954.975857  
8984.198691  	8425.963921  	9440.795503  	9865.941312  	10265.67143  	9721.659331  	9317.23193  	8699.851281  	9600.08014  	10441.41645  	10168.621  	9975.593939  
8979.460076  	8425.297321  	9421.871494  	9871.44976  	10246.30744  	9713.169049  	9319.853155  	8701.548862  	9602.703993  	10448.20054  	10160.58496  	9957.173141  
8974.28849  	8431.075224  	9414.550973  	9859.029292  	10240.61755  	9717.438764  	9314.437534  	8703.531647  	9597.871032  	10433.25919  	10152.05262  	9962.214007  
8966.140428  	8432.581119  	9431.898273  	9856.240452  	10253.13668  	9757.096541  	9311.062989  	8713.198239  	9613.585307  	10426.08793  	10147.53775  	9978.738037  
8983.603612  	8430.912537  	9439.290656  	9860.197693  	10269.8648  	9736.004651  	9312.603492  	8714.096708  	9600.356296  	10429.31831  	10162.87135  	9977.935871  
8967.832667  	8418.951799  	9412.8189  	9841.947934  	10249.00534  	9712.648538  	9298.782049  	8700.112125  	9589.171851  	10419.05988  	10147.79451  	9939.763842  
8950.694944  	8405.262135  	9396.798341  	9831.758229  	10223.86262  	9691.8082  	9289.23683  	8696.765396  	9588.857492  	10404.8981  	10128.97085  	9935.046744  
8948.005789  	8411.273242  	9411.09046  	9825.675819  	10233.85533  	9726.417662  	9281.809859  	8702.341552  	9591.416477  	10383.37015  	10127.57988  	9965.225811  
8950.490437  	8417.394681  	9411.55543  	9821.104443  	10232.02961  	9700.661633  	9281.013489  	8690.660704  	9589.531532  	10391.92283  	10131.58812  	9934.739329  
8953.810198  	8407.523728  	9404.470918  	9819.457886  	10215.43103  	9697.641012  	9279.939817  	8691.074979  	9592.632231  	10383.37155  	10132.28604  	9934.656116  
8949.333591  	8416.017905  	9407.995268  	9817.761059  	10225.43719  	9679.381192  	9283.447148  	8685.328924  	9592.725791  	10393.68948  	10137.86569  	9934.012716  
8941.127115  	8422.921498  	9411.495541  	9812.115986  	10230.44431  	9710.025068  	9283.766168  	8697.721772  	9602.861831  	10377.3877  	10143.72239  	9965.249408  
8946.757617  	8412.596166  	9431.842889  	9818.778647  	10250.39056  	9695.04115  	9279.94412  	8690.934187  	9601.162463  	10375.86201  	10165.76142  	9974.004302  
8958.748123  	8411.341361  	9422.054556  	9841.340414  	10253.49904  	9676.15709  	9284.392707  	8689.509552  	9598.895799  	10390.1557  	10174.84736  	9972.047799  
8957.967822  	8394.859892  	9419.094168  	9834.038662  	10240.12923  	9669.270439  	9293.627499  	8685.345276  	9604.146166  	10392.21053  	10158.43041  	9960.875196  
8964.870658  	8400.35618  	9420.954091  	9854.259707  	10244.0881  	9684.656459  	9300.863551  	8690.014578  	9601.257461  	10408.22435  	10157.37516  	9972.753563  
8962.493498  	8422.230325  	9430.189096  	9860.62457  	10253.289  	9719.113934  	9308.530093  	8698.289904  	9627.132371  	10412.38063  	10162.9684  	9993.802662  
8963.956435  	8417.896303  	9430.206859  	9856.297341  	10252.8285  	9716.556088  	9308.184441  	8699.216639  	9621.74652  	10420.94494  	10183.35958  	9979.264228  
8982.279559  	8425.398038  	9442.547983  	9873.350282  	10270.95172  	9709.428383  	9318.5615  	8699.51096  	9618.666762  	10433.94417  	10189.4669  	9979.173668  
8977.236507  	8420.422974  	9439.686605  	9866.045649  	10247.69496  	9690.238892  	9308.747743  	8684.474038  	9606.245043  	10422.1184  	10167.78027  	9967.69747  
8961.628798  	8397.775649  	9420.550062  	9851.807368  	10240.41297  	9677.732499  	9304.913516  	8675.917272  	9603.064496  	10412.61854  	10165.91492  	9940.916471  
8958.650149  	8392.167053  	9402.46416  	9844.155328  	10247.05677  	9672.685398  	9298.122896  	8673.124593  	9588.435425  	10402.0597  	10168.80763  	9932.9341  
8955.34724  	8398.11502  	9411.725464  	9839.785162  	10257.9004  	9686.834767  	9289.901476  	8681.273607  	9601.287825  	10399.73609  	10167.4941  	9940.858386  
8956.181147  	8390.332519  	9414.378834  	9832.654586  	10257.51734  	9676.429339  	9290.837046  	8670.859301  	9593.551464  	10394.34903  	10165.10523  	9932.719932  
8956.929724  	8385.144191  	9416.531288  	9840.758252  	10256.62386  	9663.937457  	9292.629446  	8663.974838  	9584.270546  	10391.42576  	10158.89816  	9917.193925  
8954.814454  	8370.849472  	9400.672232  	9833.297112  	10233.42844  	9644.09273  	9286.206502  	8657.400754  	9593.145341  	10396.96168  	10146.02644  	9901.982868  
8944.594506  	8379.157653  	9404.157757  	9829.506561  	10231.13463  	9656.156555  	9285.974883  	8664.582124  	9591.10725  	10395.12548  	10149.05055  	9913.514359  
8954.073148  	8380.546231  	9408.264346  	9832.541637  	10250.53117  	9665.469726  	9284.882542  	8657.694285  	9591.202157  	10397.50117  	10154.07204  	9930.233127  
8961.203528  	8389.435698  	9415.378905  	9844.864847  	10237.11462  	9656.770619  	9285.081361  	8662.449674  	9589.54505  	10406.64371  	10157.86942  	9926.604953  
8949.900457  	8381.232191  	9409.563364  	9843.173188  	10244.95334  	9664.273138  	9293.046962  	8663.177466  	9600.17138  	10407.21408  	10165.9692  	9939.473955  
8957.946211  	8387.529667  	9424.177542  	9845.300876  	10245.06841  	9660.059731  	9295.601066  	8663.696569  	9603.034224  	10413.4304  	10142.73988  	9938.153612  
8961.861146  	8401.390193  	9437.951814  	9851.285544  	10254.8626  	9693.001574  	9298.562479  	8680.87291  	9620.458965  	10414.07179  	10155.97722  	9971.541837  
8967.452102  	8404.9031  	9450.561623  	9865.644894  	10250.50713  	9695.051098  	9305.054688  	8677.804725  	9625.579477  	10419.65164  	10164.81251  	9964.88754  
8982.493526  	8410.180849  	9452.680569  	9880.675832  	10260.68384  	9706.732447  	9306.92415  	8680.526376  	9625.383296  	10429.42342  	10169.49817  	9973.104221  
8961.022485  	8402.432013  	9449.212211  	9861.583965  	10240.07093  	9698.984239  	9307.388489  	8682.874392  	9623.590801  	10423.24569  	10157.18075  	9957.855647  
8960.170392  	8413.024843  	9451.909466  	9852.197535  	10245.33838  	9734.112989  	9302.34581  	8683.474567  	9637.17271  	10417.26316  	10154.75945  	9988.219679  
8960.319392  	8413.006663  	9457.957311  	9856.972645  	10249.62379  	9723.380592  	9306.347688  	8678.576497  	9626.101978  	10412.89957  	10161.36353  	9966.175929  
8973.494752  	8422.04062  	9451.328777  	9861.081847  	10256.05698  	9746.21883  	9307.816998  	8688.026626  	9621.11563  	10422.4891  	10154.6381  	9980.21604  
8966.049515  	8409.9551  	9441.831751  	9848.54416  	10254.12022  	9717.428294  	9295.960934  	8671.371998  	9607.355221  	10402.81757  	10141.28415  	9952.142004  
8959.69743  	8416.015141  	9441.589487  	9836.502691  	10249.55635  	9752.533712  	9301.769246  	8674.9121  	9614.448253  	10403.53077  	10148.33095  	9980.71814  
8963.086304  	8420.933171  	9448.191657  	9847.579955  	10252.8276  	9751.4854  	9294.125617  	8687.175832  	9617.596446  	10405.47306  	10140.12391  	9990.315829  
8973.128696  	8435.988924  	9455.723907  	9853.420849  	10268.99295  	9750.602732  	9302.390852  	8695.006641  	9613.171533  	10415.09378  	10148.428  	9978.648963  
8966.741781  	8436.246375  	9441.94055  	9842.237869  	10264.51308  	9745.590041  	9294.506885  	8689.389158  	9606.460762  	10408.80193  	10140.41329  	9962.525676  
8960.09887  	8438.797576  	9448.919595  	9844.094244  	10264.19041  	9761.391614  	9298.880173  	8685.772488  	9605.59378  	10407.27709  	10152.08077  	9977.222854  
8961.299823  	8440.784154  	9459.452869  	9837.4021  	10267.14391  	9775.117824  	9303.095647  	8688.440017  	9618.355717  	10407.50561  	10147.54236  	10003.84214  
8964.158234  	8446.042984  	9458.303318  	9851.280912  	10260.61933  	9760.323684  	9301.207389  	8690.643917  	9620.66733  	10413.03552  	10159.01214  	9992.076322  
8975.595051  	8432.883934  	9448.157403  	9850.364288  	10265.54213  	9732.493561  	9297.203847  	8696.383923  	9614.460419  	10411.64813  	10157.13524  	9973.834297  
8964.159064  	8424.06492  	9431.149914  	9846.780072  	10253.40854  	9724.583851  	9289.717212  	8683.208577  	9599.907936  	10398.47973  	10153.89321  	9980.869413  
8959.723116  	8418.897941  	9426.86008  	9834.597974  	10240.83745  	9742.268042  	9293.457821  	8686.175375  	9612.346597  	10392.45645  	10163.30145  	9987.551842  
8960.830575  	8418.636555  	9438.697691  	9836.822319  	10252.3005  	9739.696393  	9292.977631  	8681.882559  	9615.989476  	10395.7721  	10141.15481  	9990.751005  
8969.429671  	8421.669846  	9435.516706  	9853.14497  	10267.48601  	9736.896228  	9294.604491  	8691.110182  	9605.124416  	10400.15371  	10163.60553  	9985.392429  
8962.769881  	8407.563258  	9424.221391  	9848.417683  	10252.49048  	9724.198805  	9290.486363  	8686.769011  	9595.749207  	10402.34145  	10133.4312  	9988.037235  
8963.073377  	8419.393717  	9420.204839  	9848.684472  	10255.54409  	9746.068832  	9293.635606  	8697.499305  	9610.276135  	10402.87026  	10145.43936  	9988.450334  
8965.082599  	8417.02239  	9434.018738  	9854.0204  	10263.40755  	9759.859506  	9301.324197  	8703.643381  	9609.093258  	10415.06333  	10159.14739  	9991.611278  
8987.798486  	8432.986997  	9442.678767  	9879.306721  	10257.31633  	9754.966919  	9311.267425  	8710.990068  	9610.244055  	10431.33181  	10164.13895  	9995.23616  
8976.774576  	8430.186452  	9427.196561  	9872.076376  	10275.20484  	9747.895814  	9316.734004  	8713.346125  	9610.389769  	10438.1847  	10160.48097  	9971.309917  
8977.647816  	8422.082071  	9424.071792  	9872.025913  	10255.29964  	9746.851548  	9311.989541  	8710.72838  	9611.449638  	10425.6129  	10157.81594  	9989.051857  
8969.273189  	8417.384378  	9436.27492  	9869.83042  	10260.70531  	9752.01104  	9310.424897  	8702.53532  	9622.016585  	10425.44024  	10162.96947  	9995.534806  
8981.281355  	8419.210374  	9432.166798  	9872.913552  	10267.76882  	9731.490232  	9310.324444  	8696.959652  	9610.670484  	10429.39689  	10171.14831  	9968.196979  
8978.027951  	8414.398392  	9419.466615  	9880.084812  	10238.8699  	9694.886382  	9313.800799  	8697.948248  	9596.619701  	10427.37897  	10157.93869  	9939.107855  
8974.209945  	8410.558149  	9409.862104  	9866.710142  	10243.57479  	9694.43529  	9313.923023  	8696.15332  	9588.618662  	10433.75708  	10164.85628  	9944.785662  
8971.275785  	8415.442419  	9416.814622  	9857.178452  	10247.95907  	9689.849027  	9313.675368  	8699.227553  	9596.270894  	10434.27122  	10164.99634  	9940.038108  
8968.899874  	8428.971262  	9428.638507  	9854.424225  	10252.01024  	9719.156463  	9321.932162  	8709.602128  	9616.195842  	10443.48651  	10160.62524  	9977.171742  
8964.899928  	8416.825908  	9429.736  	9850.87364  	10243.58679  	9710.808441  	9317.706014  	8700.542391  	9606.426047  	10439.32794  	10163.12617  	9965.089433  
8979.272602  	8416.91641  	9425.115272  	9852.82495  	10247.50888  	9693.63011  	9307.725893  	8694.881194  	9605.266396  	10441.07428  	10163.25583  	9962.447673  
8961.660196  	8393.375639  	9417.546972  	9851.597637  	10243.00067  	9677.286514  	9309.080719  	8688.025929  	9610.839688  	10426.29925  	10151.09136  	9938.143623  
8960.463139  	8399.653814  	9420.284225  	9850.758899  	10238.57434  	9681.744358  	9312.324647  	8687.891781  	9602.305533  	10432.73122  	10166.14696  	9945.951852  
8971.752069  	8408.190043  	9427.970922  	9857.068039  	10244.7907  	9716.771593  	9311.608062  	8692.61653  	9610.083522  	10427.68133  	10154.4112  	9965.745437  
8970.666408  	8401.884584  	9421.349915  	9855.655043  	10242.32144  	9691.774983  	9305.908065  	8675.105197  	9592.92248  	10432.37553  	10157.01774  	9931.117142  
8957.835548  	8397.390204  	9412.133103  	9846.543625  	10243.04443  	9681.23273  	9303.807794  	8670.004604  	9578.911218  	10425.37811  	10150.94849  	9920.424377  
8956.941335  	8385.889101  	9406.575585  	9844.452195  	10239.82156  	9665.446321  	9302.26376  	8665.940248  	9585.287584  	10417.95926  	10143.41606  	9922.121927  
8959.976207  	8399.303028  	9412.215737  	9839.899577  	10232.5729  	9687.896623  	9303.519439  	8670.182684  	9592.551899  	10419.78892  	10147.23833  	9952.318399  
8961.536233  	8389.484163  	9420.158705  	9845.196293  	10238.04891  	9678.801422  	9301.918173  	8658.78913  	9590.08148  	10414.18561  	10149.76811  	9930.799162  
8972.344225  	8397.656704  	9421.535995  	9855.640333  	10230.40599  	9690.159567  	9304.245875  	8661.735146  	9599.470792  	10414.48009  	10147.18913  	9944.868241  
8966.649802  	8382.975803  	9412.227729  	9853.812827  	10239.42191  	9675.001385  	9304.326844  	8662.750328  	9598.605886  	10410.00113  	10139.31142  	9933.740462  
8959.950963  	8394.280104  	9431.883509  	9857.245128  	10237.1351  	9699.022575  	9306.081265  	8673.506467  	9608.354471  	10413.92613  	10150.5054  	9949.413773  
8967.06955  	8398.768464  	9434.417607  	9861.239002  	10245.13331  	9710.532313  	9307.413899  	8684.487773  	9617.820312  	10419.1092  	10141.32619  	9953.511224  
8981.594152  	8422.997263  	9443.678055  	9877.813706  	10257.58746  	9706.244724  	9315.476228  	8692.903324  	9616.431823  	10428.78  	10159.478  	9953.827977  
8970.218057  	8415.840242  	9427.956382  	9862.43127  	10247.25488  	9706.084863  	9309.892496  	8695.061743  	9612.877775  	10429.78464  	10155.39994  	9941.106625  
8976.072331  	8429.763042  	9434.11984  	9867.680523  	10263.32499  	9724.508226  	9321.05405  	8710.207797  	9631.760817  	10438.59482  	10173.04202  	9973.95628  
8974.088967  	8421.212424  	9435.136664  	9864.646349  	10241.20488  	9710.082498  	9307.439871  	8705.86335  	9620.760225  	10434.63483  	10167.55534  	9959.599528  
8980.31372  	8429.420551  	9434.108742  	9870.037388  	10249.53252  	9709.282105  	9312.365566  	8710.865128  	9619.637945  	10437.42358  	10170.26474  	9963.858295  
8966.754029  	8421.091767  	9420.300305  	9854.852332  	10246.27487  	9699.085572  	9309.448521  	8711.534644  	9614.3299  	10423.20787  	10168.93773  	9946.790132  
8975.304483  	8432.6742  	9435.504733  	9848.30253  	10252.73105  	9744.54525  	9314.62913  	8722.101101  	9623.172604  	10422.62902  	10166.98341  	9977.742151  
8975.737501  	8441.95778  	9443.513084  	9850.511839  	10253.15893  	9766.831146  	9318.170765  	8717.113571  	9628.540168  	10430.42816  	10154.1221  	9975.334269  
8989.533029  	8448.139878  	9447.697132  	9860.473894  	10267.86262  	9768.96151  	9323.387988  	8724.817309  	9621.783809  	10435.71062  	10178.18411  	9969.444773  
8979.232257  	8441.89727  	9434.923537  	9853.488184  	10259.36653  	9736.857075  	9320.013  	8721.5888  	9618.970469  	10430.20431  	10155.19957  	9971.401096  
8978.322104  	8452.171151  	9438.615944  	9850.147386  	10258.29077  	9748.24574  	9310.788789  	8725.175386  	9624.870734  	10417.38813  	10165.45392  	9977.82631  
8977.119141  	8442.601937  	9439.353139  	9852.862724  	10268.73596  	9739.537143  	9312.385869  	8729.777916  	9624.732042  	10423.6728  	10165.00942  	9973.884249  
8994.062002  	8457.29709  	9450.890239  	9860.607603  	10285.98565  	9738.082222  	9327.809988  	8743.405172  	9621.607284  	10434.76079  	10177.25469  	9978.528618  
8981.055007  	8448.918415  	9433.549799  	9859.009185  	10255.97648  	9707.865461  	9322.099038  	8737.084249  	9621.19716  	10436.43473  	10167.81168  	9958.916827  
8977.774741  	8452.286313  	9433.102059  	9854.864281  	10280.27221  	9743.165836  	9320.141461  	8741.291052  	9630.77104  	10431.14727  	10174.48592  	9976.819095  
8974.559733  	8442.24903  	9432.246709  	9855.431846  	10276.7105  	9743.272842  	9309.726334  	8731.451257  	9630.724049  	10427.81687  	10177.22527  	9981.515482  
8975.682929  	8451.997665  	9439.125244  	9851.168432  	10266.89191  	9721.827388  	9308.200852  	8722.597932  	9617.315985  	10430.46312  	10179.14565  	9960.276989  
8972.429797  	8432.683251  	9419.011531  	9846.45153  	10244.75617  	9700.570489  	9308.585324  	8720.243829  	9606.198245  	10424.6674  	10164.19746  	9940.813229  
8969.630599  	8431.261788  	9426.033661  	9853.937613  	10263.76155  	9718.066439  	9314.22646  	8719.760746  	9616.271012  	10429.95117  	10157.49818  	9981.004521  
8978.864438  	8437.105884  	9431.499617  	9862.350223  	10253.0222  	9730.731873  	9305.685453  	8717.882114  	9612.98108  	10437.62335  	10154.86973  	9975.022296  
8973.291772  	8428.032407  	9429.197615  	9857.869038  	10255.2703  	9720.077579  	9306.699921  	8711.988759  	9607.907389  	10428.71985  	10157.76217  	9951.59452  
8969.214185  	8418.224853  	9416.846002  	9852.586028  	10238.16728  	9692.486668  	9302.120472  	8705.70872  	9604.659061  	10429.29209  	10152.98243  	9933.010534  
8970.379669  	8440.680754  	9423.203771  	9858.922444  	10254.27512  	9726.04838  	9310.835747  	8719.47399  	9610.108053  	10437.66995  	10158.07525  	9951.430084  
8971.783892  	8433.579916  	9425.248813  	9862.309198  	10246.95055  	9709.960732  	9311.296211  	8715.660372  	9611.594624  	10446.94136  	10173.78077  	9941.961729  
8983.212884  	8436.630385  	9434.234228  	9866.262572  	10252.38248  	9694.305771  	9315.394455  	8715.873362  	9604.555094  	10438.77741  	10168.52318  	9952.333747  
8964.366392  	8414.574042  	9417.728294  	9851.328946  	10235.90369  	9675.685799  	9304.511894  	8700.486088  	9598.971969  	10429.39588  	10158.52326  	9952.076769  
8955.442411  	8405.087284  	9411.92456  	9841.054624  	10229.91429  	9645.285297  	9298.401317  	8698.612301  	9594.608632  	10420.6262  	10141.03841  	9939.369708  
8963.804884  	8415.200383  	9420.692339  	9848.95868  	10232.2231  	9671.18509  	9298.929415  	8691.186968  	9613.621889  	10422.6894  	10160.83163  	9967.808863  
8956.551433  	8397.592442  	9424.303692  	9845.590416  	10240.2686  	9680.593637  	9297.040295  	8694.026574  	9600.726803  	10422.11846  	10159.15685  	9962.451371  
8957.274674  	8398.291638  	9410.966862  	9845.166431  	10253.19843  	9670.220999  	9296.386579  	8697.015697  	9603.024327  	10424.36287  	10162.19588  	9955.240468  
8953.211753  	8396.741915  	9412.263846  	9842.771425  	10235.38672  	9660.455728  	9294.082295  	8690.39494  	9595.21113  	10422.90534  	10152.54074  	9954.463074  
8954.733913  	8413.053292  	9418.665458  	9840.116227  	10243.483  	9684.395466  	9301.119316  	8700.985863  	9613.872174  	10426.38667  	10154.02794  	9961.133449  
8953.362058  	8407.430474  	9423.309068  	9844.079464  	10238.80058  	9683.169498  	9293.846416  	8689.976476  	9605.349039  	10417.04324  	10149.472  	9977.954859  
8956.068367  	8406.920765  	9428.181618  	9845.05345  	10245.25124  	9662.656549  	9287.535615  	8684.876105  	9602.600386  	10410.86273  	10167.83188  	9955.925302  
8954.708761  	8398.698493  	9415.852375  	9845.013583  	10239.31304  	9665.480042  	9293.57841  	8683.226658  	9596.963484  	10408.61176  	10146.86591  	9934.071777  
8961.725734  	8411.257954  	9428.515913  	9850.61285  	10251.09029  	9709.451345  	9297.981041  	8691.488079  	9595.62928  	10413.60493  	10156.77659  	9964.976086  
8972.811491  	8414.894065  	9435.366983  	9861.546019  	10245.28406  	9692.895929  	9305.616317  	8684.369374  	9605.030387  	10429.92901  	10161.90955  	9957.81916  
8985.319767  	8419.460088  	9439.227865  	9868.763298  	10258.23919  	9690.719545  	9314.561909  	8692.661467  	9601.470117  	10439.38298  	10179.01875  	9954.699395  
8975.491196  	8410.958862  	9416.024941  	9866.38679  	10255.3248  	9682.566806  	9320.342657  	8684.790393  	9603.343613  	10442.03226  	10159.56646  	9953.184639  
8973.291749  	8406.334956  	9413.8777  	9866.37317  	10250.78168  	9681.250528  	9314.145409  	8676.146782  	9593.48906  	10436.38098  	10161.32209  	9945.440134  
8974.391032  	8403.586421  	9415.984328  	9860.613986  	10253.99362  	9688.055639  	9317.518314  	8686.822812  	9597.022124  	10430.18514  	10175.81953  	9969.397536  
8966.507129  	8402.967899  	9422.127512  	9862.232692  	10262.46385  	9706.670518  	9318.108968  	8683.958678  	9603.811991  	10432.35186  	10165.9484  	9960.313706  
8980.522999  	8420.868533  	9435.351921  	9877.539277  	10270.75494  	9716.658827  	9327.775422  	8693.314577  	9604.099499  	10443.11984  	10176.77733  	9976.339431  
8974.376331  	8414.154615  	9423.57685  	9876.343284  	10262.05468  	9694.330705  	9322.923185  	8685.435994  	9601.526024  	10441.8995  	10178.3509  	9956.480088  
8977.399837  	8409.908186  	9423.159173  	9871.780563  	10264.50943  	9706.31836  	9328.133643  	8693.872194  	9614.101039  	10448.91188  	10171.46321  	9955.245342  
8985.28515  	8434.419879  	9439.297463  	9875.541007  	10271.96771  	9748.198552  	9332.612766  	8707.615148  	9628.600191  	10450.90307  	10181.81348  	9986.763021  
8994.548022  	8438.958968  	9448.297113  	9886.862918  	10289.62455  	9754.902247  	9328.48637  	8700.233372  	9623.656055  	10455.56492  	10183.84472  	9976.709507  
8993.044671  	8437.731786  	9444.913296  	9889.380077  	10265.72394  	9733.114317  	9333.315122  	8700.737248  	9613.590724  	10458.22583  	10176.15037  	9972.947768  
8986.387024  	8430.923275  	9422.789047  	9886.437111  	10258.91313  	9710.591108  	9331.793165  	8695.401653  	9611.34058  	10457.00921  	10177.92985  	9958.303961  
8986.634471  	8432.620669  	9440.41763  	9882.057  	10266.10933  	9721.610233  	9331.155245  	8695.674746  	9619.900788  	10456.21356  	10185.32088  	9960.837341  
8983.556702  	8420.577747  	9436.740326  	9877.227666  	10272.64509  	9725.138772  	9329.697541  	8694.024922  	9606.880759  	10459.16201  	10179.81161  	9972.859575  
8978.383167  	8402.653586  	9423.168456  	9862.564812  	10239.66204  	9702.891325  	9319.540118  	8673.624306  	9607.559372  	10439.66489  	10156.90513  	9948.797148  
8970.599175  	8405.714219  	9420.325363  	9858.362635  	10245.17025  	9708.611774  	9313.113037  	8679.217039  	9606.090591  	10422.22427  	10161.35535  	9959.090828  
8971.541534  	8400.16707  	9426.400826  	9860.843484  	10241.73362  	9694.051727  	9301.359211  	8673.830366  	9596.662015  	10418.61731  	10163.26614  	9951.258032  
8969.913032  	8390.265624  	9419.115495  	9853.068781  	10246.30987  	9691.732092  	9304.848119  	8676.949442  	9593.540655  	10414.35689  	10149.75554  	9936.770486  
8968.013159  	8401.197923  	9418.164211  	9843.061832  	10255.72553  	9707.805439  	9298.131073  	8676.756945  	9597.171841  	10406.51245  	10158.7996  	9945.681338  
8968.181701  	8399.879403  	9421.261828  	9851.427827  	10275.63747  	9705.941053  	9294.294437  	8687.94711  	9595.245184  	10411.05785  	10153.48179  	9953.541966  
8976.457771  	8401.0213  	9420.307693  	9859.007321  	10271.6659  	9706.277907  	9301.342983  	8690.745987  	9600.840467  	10415.20594  	10168.34574  	9969.325228  
8976.889626  	8404.68252  	9421.267746  	9861.158019  	10275.41552  	9688.011392  	9310.981347  	8696.963664  	9614.996379  	10425.9861  	10166.97204  	9981.683149  
8977.193106  	8405.560879  	9435.3216  	9861.902873  	10257.46179  	9716.423574  	9309.804812  	8703.920815  	9616.713949  	10422.8142  	10168.96037  	9994.584438  
8983.663008  	8410.353415  	9445.694213  	9871.142852  	10273.41582  	9714.18657  	9306.364655  	8709.100848  	9617.457053  	10430.43575  	10192.95669  	9982.370895  
8977.847535  	8412.982991  	9437.385241  	9869.330855  	10285.57361  	9722.859794  	9305.964428  	8713.296131  	9618.318883  	10428.78955  	10196.94872  	9988.248267  
8977.688387  	8412.657019  	9433.891956  	9870.698523  	10266.2058  	9718.644261  	9307.498219  	8711.682042  	9609.207909  	10424.76088  	10199.02123  	9992.294628  
8980.252083  	8421.367175  	9438.847402  	9866.193763  	10281.62727  	9746.172022  	9309.078805  	8715.064228  	9615.668053  	10425.48935  	10202.15675  	10006.6749  
8979.214125  	8420.680212  	9440.22796  	9867.937532  	10276.77922  	9732.577983  	9310.336187  	8704.273705  	9614.668698  	10439.6655  	10199.53422  	9995.569322  
8984.181482  	8417.33672  	9435.747914  	9869.803413  	10278.35005  	9705.889758  	9313.652091  	8698.128603  	9616.631109  	10442.00934  	10190.79087  	9958.375453  
8980.681741  	8404.690638  	9419.297176  	9865.247871  	10255.10484  	9698.332876  	9315.263991  	8684.67453  	9604.866636  	10441.1873  	10170.85084  	9937.493262  
8979.360979  	8413.373413  	9432.159846  	9866.866508  	10271.63141  	9735.159888  	9317.637289  	8692.924933  	9605.882632  	10448.39814  	10167.1028  	9955.081079  
8976.47215  	8410.753596  	9432.964144  	9874.273174  	10264.82945  	9702.356338  	9315.9641  	8683.599093  	9605.439421  	10454.34444  	10173.72825  	9940.174241  
8988.05203  	8419.97738  	9432.628858  	9876.774673  	10270.17395  	9711.903409  	9319.920611  	8686.332527  	9610.395355  	10457.28407  	10176.76298  	9956.397615  
8979.709114  	8416.930591  	9430.849242  	9876.072018  	10258.32701  	9708.491163  	9316.632188  	8684.835854  	9611.533659  	10456.78193  	10174.99975  	9927.627445  
8978.621115  	8424.894181  	9427.287483  	9872.139449  	10270.33749  	9713.829082  	9325.878273  	8690.343583  	9618.489792  	10468.3657  	10172.55465  	9952.415123  
8973.718848  	8420.035792  	9442.300504  	9865.733536  	10274.44608  	9729.166844  	9327.18556  	8690.060748  	9626.444163  	10465.12487  	10182.04124  	9960.820532  
8992.067714  	8435.467384  	9442.000979  	9890.089981  	10287.37909  	9727.609672  	9328.994764  	8693.285677  	9629.272992  	10476.8843  	10188.7384  	9985.529163  
8987.289676  	8428.545149  	9437.3064  	9886.98428  	10283.00842  	9695.23524  	9328.680535  	8701.597828  	9620.557476  	10475.84594  	10188.74376  	9972.412753  
8980.970325  	8431.888025  	9441.198619  	9877.60796  	10267.36293  	9708.020521  	9327.558044  	8703.649013  	9631.125403  	10471.53837  	10184.42117  	9995.89608  
8978.298855  	8441.058349  	9442.467032  	9878.815146  	10265.13991  	9726.736217  	9322.162059  	8707.724483  	9627.579775  	10465.13885  	10184.76143  	10007.65714  
8978.997345  	8434.727379  	9447.902413  	9882.506681  	10255.85165  	9715.637089  	9314.405753  	8708.595395  	9622.288302  	10462.29117  	10178.07959  	9993.627522  
8986.478497  	8433.15577  	9448.515902  	9883.276257  	10269.63677  	9712.016685  	9315.359173  	8710.363766  	9627.854461  	10457.93959  	10194.53298  	9985.490938  
8982.394464  	8424.226846  	9427.247766  	9872.936372  	10264.13186  	9689.078204  	9308.353138  	8693.970375  	9613.472692  	10462.44465  	10194.66688  	9981.756049  
8963.520331  	8411.331549  	9423.393699  	9854.165616  	10249.37424  	9695.636383  	9304.385917  	8693.347379  	9608.393721  	10443.15688  	10171.44071  	9970.654976  
8953.615452  	8407.850753  	9425.244873  	9832.930466  	10250.59087  	9674.822986  	9299.238478  	8689.221988  	9607.373849  	10429.75342  	10168.08263  	9951.887528  
8944.982224  	8395.244721  	9423.513193  	9828.099122  	10248.55954  	9694.141349  	9291.126743  	8686.338168  	9595.640215  	10413.23865  	10154.33505  	9964.318688  
8938.342168  	8394.469296  	9426.05418  	9820.777387  	10260.82501  	9725.686391  	9279.085891  	8680.085257  	9606.086581  	10399.36616  	10162.27505  	9981.056886  
8947.950952  	8413.81817  	9441.04492  	9827.158436  	10256.12279  	9723.184005  	9278.894062  	8684.038436  	9593.653138  	10387.28211  	10171.87957  	9970.578054  
8951.369319  	8411.212161  	9441.124415  	9832.469792  	10263.92436  	9724.085973  	9292.61392  	8688.58972  	9594.994902  	10399.1123  	10167.87584  	9987.061662  
8947.226211  	8414.589761  	9434.457148  	9835.396251  	10276.30748  	9715.381327  	9293.650452  	8694.458558  	9602.795424  	10407.06006  	10170.82743  	9969.248052  
8950.874899  	8426.188465  	9445.097185  	9850.942733  	10266.81243  	9736.049523  	9305.024435  	8713.800729  	9615.589117  	10416.05721  	10180.21751  	10011.4807  
8944.78738  	8433.026043  	9431.791159  	9847.197739  	10270.53123  	9755.957025  	9297.920271  	8710.098748  	9608.122748  	10422.32762  	10167.59576  	10008.89569  
8960.836944  	8432.446006  	9438.174895  	9860.47155  	10277.24088  	9736.022041  	9308.63624  	8715.509324  	9611.22685  	10423.17603  	10178.90962  	10007.2498  
8958.779441  	8432.066599  	9436.464505  	9859.105296  	10274.96183  	9720.126552  	9300.226543  	8708.699116  	9605.925112  	10421.72213  	10178.86347  	9992.352519  
8954.50967  	8420.987506  	9429.420703  	9843.917975  	10255.83151  	9704.860081  	9287.284605  	8698.715324  	9597.047778  	10407.6061  	10163.04584  	9968.190027  
8942.164252  	8417.742078  	9413.759578  	9828.598688  	10246.50033  	9724.301429  	9285.088295  	8704.637484  	9597.431124  	10398.95336  	10158.75589  	9985.256048  
8935.365942  	8416.917358  	9421.609103  	9820.163876  	10239.51802  	9714.536497  	9273.093429  	8699.823672  	9592.220428  	10377.4363  	10138.25633  	9981.647322  
8953.783763  	8434.84183  	9427.256626  	9834.75015  	10251.95399  	9714.443664  	9268.074123  	8700.965718  	9585.331556  	10375.67301  	10140.69088  	9975.58651  
8952.316309  	8422.021142  	9419.19823  	9837.154357  	10232.8979  	9714.710753  	9264.622744  	8695.288701  	9569.371618  	10358.49945  	10136.97792  	9958.885707  
8931.468114  	8408.755523  	9404.041208  	9818.213912  	10217.9985  	9675.479949  	9266.295525  	8671.860083  	9563.84574  	10345.46421  	10123.05948  	9930.999065  
8938.977635  	8421.07693  	9421.511078  	9821.725082  	10216.75178  	9697.501688  	9266.316328  	8678.781634  	9578.450169  	10341.81126  	10103.47095  	9950.996667  
8950.215559  	8422.443281  	9424.608385  	9833.678351  	10227.74478  	9686.058069  	9260.259429  	8669.979733  	9573.890307  	10345.74631  	10120.1694  	9932.476923  
8951.502653  	8422.236677  	9413.812342  	9834.564928  	10233.11108  	9683.585102  	9271.443024  	8680.216827  	9575.599048  	10353.61815  	10138.60201  	9928.645642  
8957.357125  	8425.361532  	9405.651087  	9827.11406  	10234.83225  	9675.441461  	9270.507131  	8673.392087  	9576.872545  	10349.20936  	10123.24191  	9918.575529  
8951.595285  	8414.986559  	9402.225117  	9824.119347  	10242.73849  	9674.413154  	9268.831277  	8668.448038  	9573.775002  	10347.79133  	10129.07547  	9913.707089  
8965.269298  	8442.720329  	9426.735041  	9830.097676  	10259.52339  	9716.548876  	9285.138744  	8696.201351  	9601.160822  	10368.51518  	10146.48697  	9966.952792  
8968.399256  	8438.084792  	9435.548569  	9846.509619  	10237.81424  	9705.721661  	9288.470866  	8688.37818  	9601.809891  	10380.31891  	10144.02248  	9937.340415  
8968.637805  	8438.084291  	9430.012124  	9854.187813  	10238.47689  	9695.551283  	9291.817811  	8690.022701  	9602.276698  	10388.17169  	10155.56374  	9931.334273  
8974.300261  	8435.370308  	9422.61663  	9854.274475  	10236.05689  	9696.371086  	9300.738636  	8699.526099  	9608.939088  	10408.42192  	10135.95683  	9932.701249  
8957.930026  	8425.492953  	9426.402262  	9849.656258  	10228.15908  	9692.031051  	9289.959995  	8684.365329  	9594.817988  	10399.85525  	10137.09157  	9921.847266  
8972.422727  	8420.553201  	9422.164046  	9845.855331  	10241.21069  	9679.281219  	9303.335958  	8679.085645  	9592.986607  	10413.94734  	10145.2843  	9928.207422  
8958.374006  	8404.153741  	9410.603234  	9837.273682  	10230.75377  	9673.343478  	9294.240945  	8670.454585  	9583.020304  	10405.6932  	10128.01556  	9915.776747  
8964.195364  	8401.307642  	9419.841029  	9838.366366  	10232.44528  	9704.371674  	9299.116268  	8675.817281  	9587.905338  	10407.44583  	10129.63033  	9910.055886  
8964.887934  	8403.450783  	9420.916735  	9845.404238  	10230.14449  	9699.39646  	9299.407918  	8668.390164  	9590.658758  	10409.86352  	10125.04525  	9924.398565  
8976.323323  	8408.626083  	9419.94731  	9853.908992  	10234.37567  	9690.192187  	9306.985787  	8665.40009  	9589.204582  	10417.34069  	10139.75238  	9917.365376  
8973.535806  	8401.170116  	9418.083103  	9860.76148  	10222.17615  	9677.927751  	9309.015834  	8674.449167  	9596.987832  	10429.96071  	10130.37465  	9899.975685  
8976.492104  	8407.503735  	9417.739034  	9872.818994  	10232.4268  	9685.979209  	9319.330626  	8679.04814  	9601.264122  	10441.45684  	10136.17594  	9930.632518  
8984.814961  	8415.02738  	9427.576866  	9880.323336  	10227.72321  	9721.480345  	9325.146693  	8680.065048  	9612.902352  	10450.05441  	10145.19425  	9962.848638  
8987.61039  	8415.720337  	9433.193774  	9889.677539  	10267.82069  	9727.109222  	9324.75506  	8684.59613  	9614.86331  	10457.59892  	10165.50215  	9959.866463  
8998.057903  	8421.807673  	9445.596907  	9893.879378  	10261.63136  	9713.144342  	9337.669513  	8690.613091  	9614.000797  	10468.24168  	10167.98961  	9949.030664  
8990.082038  	8409.66258  	9430.100786  	9892.520087  	10245.60938  	9694.337958  	9337.044804  	8685.181106  	9623.83768  	10470.64608  	10165.66191  	9936.566344  
8998.497475  	8427.801701  	9445.150679  	9900.234531  	10264.51141  	9713.984309  	9347.451204  	8698.134101  	9624.209993  	10479.74074  	10180.63164  	9934.461836  
9006.17469  	8425.642931  	9442.684827  	9911.523633  	10257.07672  	9695.415026  	9356.313043  	8711.200357  	9628.686276  	10505.76664  	10174.0112  	9930.758457  
9011.21758  	8424.106886  	9433.812668  	9920.277446  	10262.94705  	9696.830264  	9360.787513  	8716.011419  	9636.09747  	10515.19007  	10179.69057  	9926.904061  
9020.553001  	8443.617056  	9448.935652  	9926.87843  	10281.62223  	9719.121044  	9377.142009  	8735.776051  	9656.96571  	10522.30982  	10190.38025  	9975.614905  
9014.057065  	8440.274542  	9452.472731  	9924.045501  	10275.45479  	9719.338117  	9371.404615  	8732.034719  	9646.23131  	10525.55409  	10199.13132  	9955.446412  
9017.503821  	8450.816147  	9460.16085  	9940.771664  	10278.56268  	9711.260792  	9372.20386  	8730.474411  	9653.711323  	10530.06777  	10196.34615  	9958.42167  
9020.272371  	8448.301073  	9455.16855  	9938.024605  	10263.55272  	9698.254294  	9380.021879  	8736.432014  	9651.948178  	10540.9352  	10185.82999  	9948.36346  
9017.175502  	8461.254181  	9466.053127  	9946.630543  	10273.43156  	9698.513575  	9376.84902  	8743.788349  	9652.914521  	10540.21884  	10181.98491  	9959.444659  
9011.037044  	8443.463858  	9468.101288  	9946.077075  	10265.08169  	9705.182578  	9365.554935  	8739.471824  	9651.709758  	10534.6969  	10186.6697  	9963.710931  
9015.751274  	8452.251191  	9474.17676  	9950.440545  	10276.97981  	9700.716146  	9366.144268  	8745.033656  	9660.10752  	10531.25181  	10192.95592  	9984.886947  
9014.698688  	8444.853067  	9459.689549  	9944.167717  	10285.45342  	9689.297766  	9361.551725  	8749.529693  	9652.016998  	10524.28731  	10200.93817  	9978.431667  
9002.667653  	8437.892429  	9446.870299  	9936.551025  	10274.41673  	9706.198704  	9353.303603  	8751.837886  	9646.38262  	10522.90752  	10196.3639  	9987.284945  
8991.750526  	8436.996595  	9454.038647  	9917.870921  	10272.46253  	9708.160315  	9339.370926  	8743.803144  	9641.025421  	10510.84982  	10194.86134  	9997.471605  
8993.484195  	8433.979818  	9458.149317  	9914.344644  	10282.08974  	9722.773949  	9338.189946  	8738.600237  	9640.404486  	10508.45698  	10208.74071  	10005.00358  
8999.110322  	8428.706054  	9448.11818  	9910.147567  	10280.0833  	9714.905858  	9338.455824  	8737.240885  	9636.106666  	10500.34166  	10212.86799  	9996.140444  
8979.755067  	8417.624197  	9432.261173  	9891.949584  	10274.38005  	9718.227351  	9326.873197  	8726.842026  	9623.417634  	10485.70356  	10205.86227  	9970.872747  
8983.225882  	8432.214279  	9435.110699  	9881.306239  	10267.787  	9735.511455  	9335.920073  	8736.715786  	9632.373776  	10494.03517  	10211.9083  	9999.766827  
8990.219474  	8453.025499  	9459.219615  	9888.622016  	10286.40165  	9770.769887  	9337.712298  	8743.019993  	9650.269216  	10482.30046  	10210.31681  	10018.72566  
8992.200587  	8445.027879  	9458.610384  	9887.868107  	10307.99341  	9767.633072  	9327.838865  	8729.844601  	9637.308659  	10470.46936  	10218.98501  	10007.57086  
8983.487857  	8442.911621  	9453.232761  	9878.117438  	10282.01371  	9749.057337  	9327.813219  	8724.994483  	9619.368789  	10462.71497  	10196.09266  	9986.89692  
8965.163802  	8421.647079  	9424.624401  	9863.407946  	10265.43258  	9724.815386  	9312.700349  	8704.660004  	9604.219978  	10435.67201  	10185.48421  	9957.634713  
8962.973838  	8422.490421  	9419.447884  	9848.489693  	10258.91885  	9752.086178  	9310.601611  	8707.280069  	9598.501721  	10414.52975  	10175.88866  	9970.199672  
8954.248947  	8418.876485  	9427.897118  	9825.951919  	10267.24463  	9762.980143  	9296.890033  	8701.186005  	9598.915341  	10386.40333  	10178.39279  	9988.313329  
8951.790068  	8412.464494  	9425.884661  	9815.880951  	10263.24519  	9742.948684  	9289.624424  	8694.864271  	9586.517878  	10386.84233  	10161.35809  	9978.289162  
8947.683136  	8407.75302  	9411.9384  	9798.819578  	10250.41339  	9726.528055  	9287.923562  	8677.583683  	9580.551806  	10374.13537  	10157.42347  	9945.109035  
8930.716605  	8386.341292  	9390.706833  	9783.549534  	10242.44584  	9700.016341  	9274.325259  	8657.675577  	9571.01287  	10361.55658  	10138.35363  	9913.420341  
8937.868416  	8404.314879  	9429.832853  	9789.695021  	10244.38224  	9736.506972  	9287.842851  	8675.14875  	9590.880817  	10371.95621  	10133.18086  	9964.803721  
8940.265302  	8414.242494  	9425.639399  	9797.647171  	10260.40451  	9745.402713  	9294.815656  	8676.262243  	9597.74245  	10379.89968  	10157.9203  	9951.076613  
8952.581084  	8423.129032  	9428.557478  	9804.026345  	10266.98935  	9759.439667  	9298.126288  	8686.628285  	9592.520798  	10391.57085  	10166.98941  	9973.145104  
8933.106955  	8406.115503  	9403.215275  	9790.250988  	10242.21898  	9729.472474  	9287.409252  	8680.193377  	9593.533071  	10382.26422  	10148.52051  	9958.641615  
8929.764916  	8421.1479  	9420.443873  	9789.878114  	10254.10333  	9758.31717  	9280.572852  	8690.883268  	9600.708541  	10373.22285  	10139.28148  	9980.510916  
8927.928974  	8411.618404  	9412.152162  	9782.220697  	10242.25465  	9744.85881  	9276.737433  	8686.819701  	9596.118567  	10366.86515  	10141.90033  	9973.35341  
8944.506385  	8416.772362  	9416.317344  	9792.116056  	10250.42893  	9724.571332  	9275.774329  	8688.015967  	9586.114542  	10366.73165  	10144.47721  	9962.555779  
8929.584011  	8392.659714  	9397.119069  	9778.224345  	10239.9665  	9693.35027  	9263.532739  	8667.64029  	9581.483058  	10356.56218  	10125.64772  	9935.890803  
8919.386973  	8379.114003  	9378.39365  	9769.589282  	10212.04153  	9676.101374  	9272.081868  	8662.198569  	9571.227027  	10358.01809  	10126.46864  	9919.734503  
8923.499245  	8385.042308  	9384.233272  	9769.539206  	10230.05987  	9707.268222  	9273.155121  	8671.396794  	9575.835075  	10361.19487  	10119.16015  	9937.144915  
8937.283526  	8395.85092  	9392.348924  	9779.2591  	10235.17059  	9682.714979  	9272.115015  	8667.264178  	9571.070254  	10371.55775  	10135.67271  	9933.263047  
8936.865771  	8389.1243  	9380.410617  	9770.770686  	10232.38134  	9679.64245  	9276.871926  	8671.900322  	9576.651374  	10368.01459  	10140.62708  	9945.905021  
8935.689668  	8389.368886  	9384.646564  	9782.75812  	10230.84482  	9682.815065  	9283.677747  	8682.465624  	9582.318045  	10372.04198  	10132.84088  	9949.649456  
8945.487806  	8390.288432  	9401.722219  	9789.896264  	10232.65398  	9713.412776  	9292.819609  	8693.016164  	9602.575903  	10379.48082  	10148.69163  	9981.49575  
8952.766039  	8402.555805  	9411.224222  	9800.889405  	10246.70559  	9698.566807  	9296.771451  	8686.722212  	9592.842998  	10388.82125  	10163.65901  	9947.797883  
8951.186292  	8390.283503  	9393.29551  	9795.137559  	10249.89792  	9661.507504  	9301.025854  	8687.855149  	9596.723515  	10399.2906  	10151.95266  	9925.752606  
8953.364863  	8389.224646  	9382.928864  	9803.594596  	10231.69162  	9680.063093  	9299.808831  	8684.654421  	9594.619314  	10400.91742  	10141.59908  	9943.506093  
8953.352025  	8390.988651  	9401.023221  	9805.469138  	10239.72962  	9710.098872  	9299.389747  	8680.891603  	9607.59476  	10407.82617  	10147.99268  	9960.314772  
8961.952859  	8393.05362  	9409.879703  	9812.111416  	10241.18256  	9709.246104  	9298.463164  	8682.695464  	9590.264985  	10409.93188  	10148.4742  	9961.040719  
8947.078035  	8375.843224  	9387.96813  	9801.082478  	10230.40975  	9665.966796  	9290.063394  	8664.638419  	9580.087265  	10391.96393  	10132.45632  	9914.053142  
8945.838202  	8377.10991  	9383.408223  	9792.299794  	10215.92771  	9674.724662  	9289.064586  	8662.974472  	9579.886938  	10392.87192  	10131.83832  	9921.942266  
8947.867162  	8376.319858  	9402.018837  	9796.889661  	10229.98259  	9692.910432  	9295.943907  	8664.933066  	9594.605787  	10396.17462  	10134.78545  	9941.226542  
8953.647992  	8389.385287  	9418.719055  	9816.368164  	10241.69315  	9693.355374  	9306.180529  	8672.373134  	9598.511423  	10407.68335  	10153.76688  	9930.455085  
8944.990375  	8368.046593  	9398.91253  	9809.432735  	10223.08731  	9664.87222  	9299.11174  	8657.269348  	9595.944438  	10408.35201  	10127.32994  	9896.733228  
8938.629679  	8382.154003  	9390.745965  	9811.728131  	10228.63619  	9679.34761  	9291.701102  	8667.034791  	9589.244988  	10403.81695  	10130.11704  	9925.722289  
8950.280223  	8402.626617  	9416.105289  	9816.617802  	10234.67875  	9701.966934  	9294.770512  	8673.452564  	9605.44801  	10391.92272  	10141.41069  	9966.960771  
8962.752869  	8411.64319  	9431.378051  	9822.658757  	10260.77194  	9702.751196  	9288.441027  	8684.890327  	9596.037061  	10395.03189  	10157.16602  	9962.651646  
8952.2235  	8406.252167  	9413.14506  	9821.755076  	10259.49132  	9687.873636  	9287.382454  	8685.288165  	9594.471898  	10394.34773  	10151.07748  	9931.522595  
8959.350401  	8412.81135  	9407.937582  	9828.459682  	10254.54461  	9686.978578  	9303.917933  	8701.245463  	9591.496093  	10406.01069  	10153.50741  	9949.5161  
8957.656958  	8426.821037  	9425.928022  	9827.009352  	10263.6088  	9730.85671  	9311.337137  	8709.251729  	9620.767616  	10414.82831  	10170.72064  	10003.07088  
8962.055632  	8419.599846  	9425.470979  	9835.882604  	10258.52941  	9709.694178  	9302.552795  	8696.340212  	9605.377012  	10413.23395  	10175.75085  	9965.172074  
8964.941739  	8412.603931  	9430.969908  	9834.814887  	10256.20368  	9704.403343  	9294.842375  	8690.04231  	9609.444078  	10406.8241  	10167.03973  	9960.053949  
8956.37334  	8398.603304  	9410.2479  	9828.423916  	10248.26707  	9668.770728  	9287.163882  	8674.583299  	9601.558967  	10398.08819  	10143.34627  	9946.59117  
8956.605257  	8403.051859  	9415.026449  	9827.617274  	10233.65774  	9697.522791  	9288.172833  	8681.911279  	9600.189197  	10388.03159  	10138.79431  	9975.192615  
8952.869411  	8400.832864  	9421.527697  	9826.191001  	10237.25655  	9688.866572  	9284.702196  	8673.707854  	9604.245454  	10386.3258  	10143.32563  	9962.644442  
8969.862205  	8418.820901  	9418.507617  	9842.399742  	10254.49592  	9695.771701  	9287.67725  	8683.99202  	9593.478832  	10394.42306  	10155.78301  	9963.45008  
8963.24874  	8406.831694  	9413.78378  	9836.444196  	10251.2075  	9665.260378  	9287.553135  	8676.999101  	9591.592102  	10381.31932  	10157.97346  	9941.678943  
8974.639929  	8429.737578  	9413.648239  	9856.639438  	10246.74938  	9695.352262  	9291.752342  	8701.156784  	9599.802526  	10392.53907  	10145.51339  	9959.027784  
8980.887782  	8441.69691  	9429.196703  	9870.80052  	10262.07131  	9725.710887  	9299.577463  	8717.033268  	9617.168319  	10405.19015  	10170.64185  	9979.977422  
8996.837669  	8460.68985  	9448.51603  	9889.778865  	10284.22687  	9741.957755  	9310.698189  	8733.847188  	9616.678511  	10417.74626  	10189.13509  	10003.28762  
8985.939821  	8452.228912  	9430.884006  	9884.875736  	10277.37086  	9715.690416  	9307.610091  	8727.744917  	9605.598447  	10416.04382  	10177.26623  	9970.937563  
8976.224784  	8459.086527  	9441.933921  	9874.152233  	10268.94924  	9735.866309  	9304.204405  	8727.241392  	9618.642999  	10403.13202  	10171.53131  	10015.51921  
8983.731569  	8456.242146  	9443.544306  	9874.940424  	10278.68702  	9740.634423  	9299.767394  	8717.9526  	9619.372109  	10407.32628  	10161.78543  	9989.537453  
8984.098401  	8441.903248  	9427.502857  	9870.574905  	10277.26682  	9754.257111  	9299.238707  	8723.135202  	9613.081933  	10412.02296  	10179.49147  	9999.543329  
8979.856691  	8447.023969  	9423.036571  	9873.640986  	10257.78125  	9731.129278  	9295.667731  	8715.437863  	9610.740363  	10409.44707  	10154.01586  	9994.543155  
8978.58769  	8433.750793  	9437.763791  	9862.466881  	10261.76667  	9748.903077  	9289.479282  	8712.941703  	9606.475985  	10404.08533  	10155.73456  	9992.319859  
8988.982955  	8444.037629  	9444.773486  	9869.775414  	10281.58951  	9753.624768  	9297.6439  	8707.721883  	9607.502863  	10408.83718  	10175.25197  	10006.82568  
8977.868045  	8436.314085  	9414.194511  	9857.573503  	10265.00646  	9728.353886  	9288.5594  	8700.353542  	9595.018269  	10390.0268  	10144.77089  	9984.765119  
8969.442239  	8443.398084  	9426.542896  	9849.934944  	10269.0742  	9743.989017  	9292.529483  	8714.422176  	9602.532804  	10391.02127  	10156.32764  	9994.273826  
8966.617741  	8448.09744  	9442.660478  	9846.379652  	10275.1134  	9757.421064  	9296.296897  	8717.758317  	9612.234409  	10403.15152  	10169.22938  	9994.618146  
8977.468676  	8457.7892  	9440.389923  	9862.814881  	10290.09323  	9758.502735  	9304.73726  	8720.304361  	9612.005017  	10416.31321  	10187.12701  	10007.99085  
8971.84049  	8436.474161  	9434.095251  	9860.620496  	10264.45108  	9740.621075  	9309.43054  	8713.54411  	9604.160155  	10427.08551  	10171.79217  	9991.801576  
8966.645093  	8438.728618  	9418.844513  	9852.151456  	10260.93261  	9733.623915  	9306.103911  	8709.101119  	9609.602109  	10424.48636  	10160.58425  	9969.479445  
8971.472314  	8436.085918  	9432.839317  	9855.24654  	10265.05915  	9744.66389  	9303.360325  	8709.22941  	9612.901411  	10418.98357  	10164.58013  	9979.806002  
8976.125334  	8441.119381  	9433.493084  	9859.310962  	10273.59027  	9753.310371  	9306.969149  	8696.874585  	9598.372644  	10418.18946  	10168.74293  	9974.587632  
8965.378123  	8418.210208  	9410.429082  	9834.540878  	10271.20817  	9732.326185  	9310.770412  	8691.327909  	9598.629148  	10423.1864  	10159.43915  	9971.256097  
8960.675526  	8410.844376  	9426.365964  	9833.514275  	10259.40025  	9732.700072  	9306.000116  	8685.067109  	9598.467161  	10412.34457  	10157.88403  	9981.030717  
8962.47691  	8419.052945  	9435.424453  	9834.315586  	10279.29349  	9746.036918  	9311.042573  	8686.141815  	9608.96408  	10419.18343  	10174.98751  	9981.937895  
8962.77923  	8404.221537  	9423.785698  	9845.849518  	10268.43848  	9734.670541  	9307.412928  	8677.42737  	9603.780146  	10432.73818  	10162.61008  	9959.874479  
8965.49469  	8410.132903  	9424.81174  	9850.309443  	10277.11835  	9722.39783  	9305.792107  	8681.11591  	9607.182026  	10441.65233  	10158.85705  	9965.241782  
8974.101813  	8427.440427  	9457.262635  	9865.728805  	10275.83934  	9754.872351  	9320.595158  	8694.705833  	9634.297577  	10461.01113  	10168.74492  	9988.016411  
8996.6658  	8453.608714  	9483.963162  	9895.199883  	10299.38504  	9765.350764  	9326.251225  	8706.922531  	9624.747032  	10474.38559  	10187.62459  	10016.88149  
8996.186357  	8446.690835  	9460.274255  	9889.688474  	10281.42589  	9763.383459  	9330.369172  	8703.508047  	9624.328832  	10493.32319  	10169.25165  	9995.691006  
8995.950578  	8455.182109  	9471.094215  	9897.12853  	10288.66334  	9789.446805  	9346.85832  	8721.061371  	9632.115916  	10492.09918  	10189.44988  	10010.71877  
8990.803409  	8435.759046  	9466.057786  	9885.061484  	10288.10359  	9742.901958  	9336.357026  	8719.448795  	9634.040107  	10479.95599  	10182.9271  	9997.133925  
8986.711119  	8434.881356  	9459.195588  	9878.0194  	10290.45662  	9730.154991  	9326.172157  	8711.048225  	9618.377454  	10472.17517  	10173.75294  	9972.266178  
8986.030853  	8420.331211  	9446.041022  	9870.397862  	10271.56782  	9724.355766  	9318.906883  	8694.783249  	9607.658659  	10452.89254  	10176.24966  	9975.833109  
8966.949025  	8392.10318  	9425.310131  	9849.052037  	10248.27838  	9697.691546  	9310.435898  	8685.544063  	9600.480992  	10442.23612  	10174.76516  	9955.732931  
8953.853562  	8381.427009  	9402.576596  	9834.723408  	10226.38992  	9685.132442  	9297.368315  	8670.800433  	9586.320407  	10429.34813  	10140.97515  	9917.980449  
8954.128974  	8384.800873  	9417.614623  	9842.54236  	10241.5705  	9671.938754  	9290.707814  	8667.395886  	9590.080592  	10417.9501  	10140.84423  	9929.346389  
8960.531976  	8388.785589  	9416.405312  	9845.065373  	10245.03191  	9668.926291  	9290.097376  	8675.658931  	9588.598233  	10428.01446  	10147.15404  	9925.828415  
8952.363728  	8388.200908  	9407.905739  	9843.691386  	10236.61873  	9652.421821  	9295.257452  	8670.712788  	9587.676156  	10430.81062  	10130.17733  	9918.518773  
8952.614844  	8383.950991  	9413.797135  	9844.430415  	10230.75482  	9651.774685  	9289.837222  	8669.444267  	9584.445668  	10425.21061  	10137.33275  	9933.431041  
8959.046263  	8386.292631  	9423.899341  	9852.907629  	10236.16817  	9663.713175  	9307.529458  	8683.614211  	9617.688609  	10443.89848  	10146.86321  	9968.991044  
8973.942839  	8406.599075  	9435.096269  	9869.115137  	10271.73887  	9688.158031  	9309.033111  	8692.66282  	9628.341708  	10455.30264  	10158.08414  	9975.368423  
8974.130018  	8394.265468  	9431.787817  	9870.483243  	10250.32384  	9675.21291  	9313.54862  	8695.616313  	9620.127279  	10444.92775  	10159.2148  	9963.036106  
8969.842494  	8387.197628  	9421.73095  	9868.558185  	10254.44803  	9656.254174  	9308.616515  	8687.558808  	9615.611006  	10447.53019  	10169.95009  	9941.747144  
8972.017015  	8386.698346  	9415.926524  	9877.661098  	10239.45045  	9673.926264  	9318.13171  	8693.497603  	9614.709437  	10455.72446  	10165.59322  	9941.501388  
8985.159172  	8393.989187  	9422.805116  	9883.904037  	10266.01324  	9670.279836  	9329.283295  	8693.19392  	9621.709178  	10473.44448  	10170.85046  	9946.236503  
8987.604285  	8395.623985  	9415.472219  	9888.517454  	10263.14762  	9662.796117  	9320.074147  	8687.131224  	9612.241571  	10472.41021  	10160.15589  	9912.463451  
8979.794529  	8385.098594  	9415.616311  	9886.531164  	10242.75935  	9641.587025  	9329.532485  	8687.033994  	9623.26337  	10466.80036  	10151.20347  	9906.351797  
8991.896618  	8410.080012  	9435.61075  	9898.911514  	10243.51808  	9657.256013  	9335.763668  	8703.704476  	9639.487414  	10484.33014  	10162.79419  	9924.476613  
8994.365321  	8416.208728  	9439.584096  	9912.154274  	10249.75764  	9663.089296  	9340.780928  	8708.890281  	9633.571649  	10500.21664  	10169.43425  	9932.42706  
9008.661234  	8428.188157  	9448.123955  	9924.572942  	10264.14394  	9680.509699  	9346.958715  	8713.74618  	9628.889474  	10513.54524  	10173.09902  	9934.817594  
8997.930821  	8417.840288  	9435.116727  	9921.224206  	10246.67387  	9680.030486  	9353.185037  	8718.099904  	9631.561734  	10515.19216  	10178.70502  	9938.657626  
8993.559958  	8427.544643  	9437.548707  	9920.866275  	10257.96742  	9694.829704  	9350.991693  	8727.425744  	9635.734433  	10518.00261  	10180.96475  	9941.696373  
9005.291141  	8436.512592  	9447.266831  	9924.326981  	10253.51243  	9723.628426  	9354.51285  	8728.803847  	9640.879149  	10517.30067  	10174.24992  	9961.850087  
9009.495276  	8437.822514  	9455.326145  	9924.856983  	10266.43894  	9728.131346  	9344.666263  	8723.287707  	9639.573389  	10511.4781  	10191.24931  	9964.226916  
9019.321848  	8439.65877  	9453.119986  	9930.565335  	10273.27276  	9720.866948  	9356.223088  	8731.875339  	9626.376161  	10508.64273  	10205.44826  	9976.148727  
9005.999905  	8428.852138  	9429.628102  	9919.465609  	10268.04249  	9698.163169  	9345.968493  	8730.46774  	9628.51331  	10494.52558  	10186.08324  	9953.499713  
9000.832264  	8431.931858  	9428.224681  	9918.002355  	10261.05312  	9697.756507  	9346.287146  	8722.914477  	9627.009541  	10495.77126  	10188.03048  	9946.259184  
9017.770606  	8458.903528  	9450.204973  	9928.882374  	10285.58926  	9721.038757  	9366.752011  	8741.311866  	9648.223935  	10513.03922  	10203.92939  	9981.124601  
9016.697725  	8460.133236  	9465.054172  	9934.755829  	10281.41254  	9719.971703  	9359.941  	8738.084057  	9648.899335  	10511.70498  	10200.788  	9970.146093  
9035.938263  	8472.239959  	9468.028588  	9952.043972  	10295.77364  	9712.248844  	9372.534898  	8744.360406  	9650.07995  	10525.42873  	10223.8695  	9986.346764  
9031.18318  	8457.984258  	9463.31324  	9954.325137  	10297.94042  	9696.166179  	9371.972286  	8744.003546  	9651.50066  	10519.99995  	10209.51462  	9976.253406  
9026.904601  	8467.769551  	9468.645396  	9957.905789  	10290.25395  	9725.27442  	9382.317504  	8749.75739  	9664.478272  	10520.93658  	10215.24431  	9989.027466  
9022.683382  	8465.435377  	9479.50482  	9953.926351  	10289.36447  	9742.873904  	9367.757538  	8747.466167  	9663.447472  	10521.89149  	10210.13578  	9989.99626  
9021.007458  	8472.598395  	9485.958506  	9951.691  	10296.99679  	9741.582295  	9360.004687  	8746.472184  	9654.829971  	10517.05482  	10207.13631  	10013.14811  
9008.277463  	8461.376476  	9460.961668  	9937.961735  	10292.75268  	9733.563182  	9355.031743  	8739.510636  	9636.292212  	10502.25101  	10198.32204  	9976.591979  
8985.331145  	8448.753099  	9432.36405  	9907.769395  	10272.11507  	9714.472798  	9343.687759  	8728.247959  	9625.89921  	10482.58936  	10183.12156  	9972.464338  
8990.374544  	8458.741195  	9453.360315  	9904.390442  	10276.26234  	9766.686938  	9341.399766  	8734.976641  	9627.765317  	10479.80264  	10192.82917  	10020.64738  
8984.157257  	8454.693609  	9444.21673  	9889.337621  	10271.63418  	9760.934443  	9327.932354  	8711.308975  	9611.423212  	10457.42557  	10188.84396  	9990.563169  
8985.513819  	8446.488008  	9435.134271  	9888.061475  	10266.4578  	9747.617289  	9329.817045  	8709.945367  	9609.320904  	10457.2327  	10183.1455  	9992.606267  
8977.304978  	8430.761402  	9415.828246  	9872.421155  	10263.9385  	9718.640701  	9320.013143  	8688.215001  	9598.31151  	10445.56881  	10170.52156  	9966.949805  
8972.648105  	8428.510812  	9420.809431  	9867.002101  	10259.53405  	9719.762339  	9320.70684  	8686.077059  	9583.274972  	10437.43547  	10177.95312  	9961.687954  
8967.265661  	8429.111699  	9422.247473  	9865.913176  	10268.25252  	9724.650941  	9319.178899  	8686.41164  	9594.940665  	10441.19332  	10172.62581  	9962.551532  
8982.400986  	8434.654047  	9427.250747  	9872.06435  	10265.92723  	9715.169547  	9314.608647  	8680.392584  	9593.742797  	10441.24246  	10173.40518  	9945.402178  
8972.131692  	8417.102608  	9417.093728  	9864.213619  	10254.58852  	9710.978651  	9317.957961  	8681.377183  	9583.996407  	10433.24535  	10170.02063  	9931.129464  
8975.892851  	8432.278718  	9430.952641  	9873.597218  	10257.73293  	9747.008053  	9320.16706  	8680.102048  	9603.34188  	10433.81678  	10169.83244  	9976.444412  
8985.096173  	8446.029852  	9447.929705  	9877.800587  	10269.71855  	9739.380531  	9320.123095  	8694.981973  	9608.182262  	10456.04942  	10175.55953  	9954.716161  
8990.096679  	8450.81983  	9433.922516  	9885.019368  	10270.7372  	9733.348099  	9335.469452  	8711.614782  	9608.288914  	10461.87331  	10187.66566  	9963.139595  
8981.733382  	8433.779871  	9425.626414  	9876.915228  	10264.85717  	9736.69928  	9331.820795  	8709.605119  	9612.119152  	10476.44514  	10181.31715  	9966.266588  
8978.775266  	8440.797099  	9436.902307  	9866.900773  	10261.44628  	9757.768905  	9329.112322  	8711.107429  	9610.390483  	10465.46664  	10177.57919  	10003.13119  
8972.403857  	8426.084394  	9434.288306  	9853.501506  	10272.56735  	9761.479556  	9322.448026  	8693.624911  	9611.657577  	10455.26224  	10167.71017  	9972.100486  
8973.830977  	8431.725385  	9440.777163  	9852.737221  	10272.87127  	9763.173045  	9307.559223  	8687.128584  	9598.475704  	10445.93203  	10168.63169  	9953.624208  
8964.81659  	8421.525978  	9424.574075  	9834.103695  	10269.32305  	9747.080298  	9305.197854  	8686.043106  	9595.131619  	10426.08655  	10161.59089  	9969.949154  
8943.547922  	8404.152259  	9402.688009  	9817.298059  	10258.14849  	9735.840379  	9283.066217  	8668.19  	9575.839587  	10403.40154  	10159.38542  	9934.864763  
8939.065963  	8399.863424  	9411.294642  	9803.596295  	10261.00576  	9738.031593  	9279.634417  	8664.43169  	9581.676531  	10374.37433  	10139.28837  	9939.996461  
8935.874382  	8391.227676  	9417.774378  	9807.268775  	10246.39447  	9744.95512  	9270.714  	8651.671975  	9576.00628  	10370.20552  	10141.72681  	9934.786964  
8947.439048  	8401.481043  	9421.435157  	9818.065372  	10248.85083  	9737.433768  	9261.373835  	8645.79528  	9565.622301  	10361.2775  	10144.63816  	9947.96531  
8932.273977  	8379.461008  	9401.410392  	9794.553542  	10239.75518  	9713.45509  	9264.555309  	8634.316525  	9556.248503  	10350.44032  	10128.17338  	9928.731606  
8932.618026  	8383.872643  	9413.880242  	9798.509109  	10242.74297  	9733.135455  	9269.746214  	8646.578412  	9573.010395  	10347.94568  	10137.45341  	9974.042423  
8936.261869  	8379.395508  	9400.778506  	9796.347721  	10236.23238  	9718.421486  	9268.122727  	8643.399314  	9571.32148  	10352.47625  	10139.11445  	9959.783974  
8944.847789  	8386.373257  	9406.389096  	9806.064816  	10250.78697  	9703.249722  	9269.490773  	8650.315386  	9567.803244  	10356.36007  	10155.26883  	9965.706283  
8938.215654  	8378.511889  	9400.592601  	9795.673855  	10235.41325  	9688.650068  	9265.074221  	8647.385868  	9568.555935  	10349.97046  	10145.93832  	9943.349408  
8939.163164  	8388.632323  	9401.215122  	9792.001371  	10240.29287  	9704.658956  	9270.771538  	8653.719214  	9572.378642  	10350.77252  	10139.92102  	9970.924774  
8931.621685  	8383.018486  	9400.698719  	9786.9961  	10242.55671  	9706.629882  	9257.014037  	8648.235394  	9568.267008  	10342.44379  	10134.64832  	9964.025998  
8944.100685  	8386.737384  	9397.541592  	9800.320882  	10261.58721  	9703.665285  	9258.470526  	8656.079489  	9570.91357  	10337.21134  	10149.61326  	9967.679357  
8932.244872  	8378.163244  	9383.395046  	9796.864899  	10243.54638  	9696.324831  	9257.061892  	8650.854072  	9562.567021  	10339.34747  	10134.20404  	9945.548101  
8937.109532  	8392.798747  	9402.74268  	9785.627877  	10233.13197  	9695.943317  	9259.492366  	8654.38025  	9561.568091  	10328.60393  	10129.34946  	9960.445187  
8935.485753  	8389.738802  	9403.261252  	9789.104379  	10244.59089  	9727.958578  	9251.23259  	8645.826218  	9563.472827  	10327.80539  	10129.14503  	9961.406847  
8939.310721  	8395.581727  	9394.881343  	9782.873831  	10237.6791  	9729.195179  	9258.690697  	8647.980376  	9560.635329  	10327.65223  	10128.77396  	9973.543593  
8924.829332  	8363.114424  	9382.059762  	9771.676956  	10215.68397  	9689.873238  	9254.235157  	8636.603386  	9558.303552  	10324.41897  	10119.04964  	9936.682765  
8908.85373  	8361.297135  	9360.46752  	9753.072702  	10205.32524  	9667.323161  	9245.644704  	8625.178084  	9544.06717  	10324.2291  	10104.88701  	9901.335828  
8917.416245  	8378.287195  	9384.627775  	9758.375517  	10235.27873  	9707.189995  	9265.806133  	8636.208954  	9563.385574  	10337.98175  	10115.65832  	9950.942874  
8913.7149  	8377.448195  	9388.449963  	9762.164428  	10204.56248  	9691.988312  	9247.945499  	8630.132517  	9555.911646  	10330.17138  	10106.10207  	9914.70462  
8928.968367  	8386.884836  	9392.404128  	9775.537187  	10222.63656  	9693.316073  	9260.313226  	8651.565878  	9559.92634  	10344.67557  	10114.72327  	9924.574841  
8933.872835  	8380.008304  	9383.062468  	9793.628888  	10232.15253  	9677.969744  	9277.485646  	8644.435843  	9573.189822  	10372.48487  	10125.84803  	9891.939638  
8945.270762  	8392.757203  	9399.95986  	9821.222398  	10233.99206  	9664.145141  	9292.867758  	8670.821515  	9589.934257  	10400.66385  	10141.59111  	9907.002998  
8967.042606  	8414.048605  	9423.176312  	9839.09014  	10244.96791  	9681.022858  	9308.235048  	8685.56992  	9607.702365  	10426.79591  	10135.34789  	9931.057092  
8979.969032  	8437.435354  	9441.860576  	9866.641455  	10248.53232  	9685.842355  	9319.188233  	8703.803786  	9606.264591  	10449.95999  	10162.40945  	9940.007304  
8980.61842  	8436.49312  	9427.683918  	9876.41894  	10252.7279  	9685.276391  	9329.238717  	8704.265487  	9610.494086  	10466.35607  	10167.9671  	9929.452057  
8990.671993  	8447.792688  	9439.933258  	9891.418536  	10245.44855  	9693.308407  	9341.805471  	8725.955197  	9618.45951  	10480.41325  	10170.28682  	9954.24673  
8983.17081  	8448.519982  	9441.039351  	9891.765298  	10261.59388  	9708.043244  	9333.183487  	8720.285628  	9622.81069  	10479.22427  	10184.68611  	9959.982571  
8995.963155  	8447.63326  	9447.836845  	9912.841309  	10268.58484  	9706.630253  	9337.692406  	8717.060992  	9622.107317  	10498.02279  	10180.98791  	9946.111197  
8984.862552  	8449.764235  	9443.036421  	9905.81785  	10275.69832  	9719.173383  	9337.655464  	8721.324308  	9623.209175  	10496.79978  	10181.1264  	9956.609183  
8973.614008  	8430.476828  	9434.285719  	9893.879039  	10249.82477  	9703.981548  	9326.937239  	8710.524193  	9620.133783  	10477.30775  	10172.75022  	9952.93369  
8977.423513  	8425.365504  	9448.373578  	9887.931952  	10262.91362  	9740.267654  	9322.412141  	8705.271176  	9633.81288  	10461.84319  	10164.9928  	9991.328648  
8957.717143  	8398.938199  	9437.524815  	9871.843611  	10238.51741  	9704.603609  	9298.69175  	8679.346963  	9616.760377  	10439.23811  	10142.64179  	9964.432934  
8960.790825  	8403.383801  	9437.435824  	9862.992964  	10226.41369  	9677.601383  	9290.879284  	8670.150638  	9607.831039  	10427.65509  	10129.27354  	9960.520706  
8945.292442  	8391.778347  	9417.978179  	9856.818048  	10227.31032  	9681.224262  	9285.557459  	8667.816673  	9602.109083  	10412.99274  	10138.04399  	9946.758897  
8942.136938  	8390.31266  	9429.281073  	9840.022359  	10225.44179  	9677.867799  	9274.429716  	8667.722896  	9595.41688  	10400.91844  	10122.55048  	9958.051284  
8938.962328  	8389.005158  	9433.829  	9840.901568  	10220.39464  	9674.754152  	9269.403201  	8670.579806  	9608.196219  	10393.28483  	10125.38558  	9973.82329  
8956.882354  	8402.54747  	9451.582174  	9852.214189  	10237.88948  	9688.013092  	9279.522669  	8676.563198  	9613.161453  	10400.73062  	10154.17896  	9972.131218  
8950.600921  	8394.547291  	9440.637706  	9853.219291  	10244.69928  	9692.129702  	9285.870283  	8680.095061  	9616.068786  	10397.09458  	10161.39965  	9979.638067  
8950.42437  	8383.245563  	9440.325879  	9835.864776  	10236.76805  	9700.736098  	9283.808994  	8672.630776  	9614.1556  	10391.58626  	10145.81581  	9965.056031  
8943.826958  	8383.730887  	9436.160069  	9828.6324  	10221.96528  	9702.262632  	9277.362896  	8674.528434  	9612.790931  	10383.24576  	10136.16107  	9975.344847  
8951.378206  	8392.542034  	9446.671841  	9833.857307  	10256.15577  	9729.877418  	9278.030261  	8669.741642  	9625.200304  	10386.63037  	10154.05228  	9980.354451  
8952.593371  	8399.541881  	9439.934467  	9834.809881  	10239.61755  	9705.1523  	9283.745328  	8680.307637  	9615.551343  	10385.44905  	10153.1165  	9957.760307  
8952.499471  	8391.841825  	9430.449214  	9829.352028  	10223.2434  	9687.202915  	9279.887795  	8680.600323  	9618.419926  	10380.28579  	10144.99524  	9940.776658  
8956.637534  	8392.998115  	9448.715109  	9823.728964  	10249.28324  	9710.701536  	9290.062727  	8684.250773  	9630.737782  	10384.11868  	10158.29085  	9982.566274  
8970.846803  	8398.180387  	9451.539608  	9838.318571  	10244.47049  	9704.480497  	9291.826925  	8676.332577  	9617.372176  	10389.45584  	10173.41515  	9974.156339  
8977.483357  	8407.917046  	9450.513382  	9852.681924  	10269.24754  	9725.862372  	9293.085739  	8686.525002  	9625.275629  	10394.88838  	10170.59454  	9985.251513  
8963.707319  	8402.839233  	9455.135735  	9845.456759  	10259.22711  	9703.350134  	9289.454483  	8675.430685  	9613.422558  	10381.09014  	10162.49315  	9972.836796  
8965.187064  	8404.429523  	9443.984135  	9848.374365  	10256.81038  	9713.024243  	9289.915727  	8681.724132  	9605.222444  	10382.339  	10179.08179  	9984.083392  
8963.412772  	8404.187915  	9438.409055  	9829.159256  	10241.28527  	9722.104345  	9289.638396  	8690.054661  	9610.516683  	10387.1888  	10173.80875  	10000.97832  
8964.425287  	8412.309666  	9448.677972  	9829.034843  	10246.05479  	9723.210349  	9290.41677  	8696.422232  	9614.426604  	10379.74624  	10178.15989  	10010.19373  
8959.513672  	8395.815149  	9430.066085  	9821.548491  	10251.54727  	9693.824518  	9295.360569  	8688.901868  	9605.976251  	10378.60996  	10172.57081  	9974.975095  
8959.931789  	8409.459123  	9439.688169  	9822.904908  	10266.11401  	9719.350389  	9291.626078  	8696.420978  	9618.944547  	10388.74569  	10162.06594  	10011.82641  
8969.398674  	8416.103398  	9451.07843  	9829.247807  	10269.08904  	9748.733836  	9299.65423  	8706.43521  	9619.156531  	10396.36932  	10189.7241  	10008.51084  
8971.524628  	8429.044103  	9447.404104  	9831.982138  	10273.06039  	9735.861602  	9301.064136  	8709.975908  	9616.881354  	10391.89905  	10180.54159  	10023.22179  
8959.812559  	8413.714265  	9429.33112  	9815.179549  	10259.54712  	9727.582166  	9294.000411  	8696.672237  	9607.348913  	10382.33178  	10164.30647  	9984.640366  
8954.969754  	8417.767128  	9419.046035  	9808.73671  	10269.15585  	9743.027084  	9290.580711  	8703.128438  	9609.490101  	10380.80599  	10164.96942  	10028.28867  
8938.01055  	8411.753608  	9414.11246  	9800.527427  	10238.40101  	9724.471146  	9277.348042  	8695.190555  	9599.328802  	10365.51245  	10145.91895  	9992.577991  
8953.237473  	8420.724733  	9426.098266  	9806.035586  	10249.7715  	9733.925197  	9266.479734  	8692.406168  	9576.248047  	10355.50562  	10167.25098  	9995.149384  
8931.597635  	8402.750152  	9400.293556  	9782.767236  	10242.87355  	9712.493523  	9256.460528  	8682.742573  	9568.017094  	10343.73648  	10142.99852  	9978.545507  
8923.670289  	8399.438319  	9383.574776  	9774.763411  	10225.28162  	9713.926951  	9241.749076  	8680.498748  	9567.215123  	10339.01562  	10134.58516  	9965.201288  
8914.459738  	8403.365403  	9393.861873  	9766.973325  	10217.8778  	9756.436197  	9253.933902  	8680.890672  	9558.16746  	10334.52021  	10112.1631  	10007.94634  
8919.519764  	8396.499414  	9393.132424  	9776.041096  	10226.988  	9741.398928  	9244.789228  	8659.388349  	9555.397339  	10341.00408  	10129.25328  	9978.508606  
8934.287179  	8395.298588  	9396.544531  	9792.904109  	10241.00541  	9735.671348  	9249.155689  	8661.92089  	9555.252956  	10345.75467  	10135.17054  	9972.010261  
8928.367025  	8387.246703  	9381.52741  	9793.306075  	10231.56169  	9720.772858  	9249.46277  	8657.73081  	9554.338094  	10350.19745  	10122.09021  	9947.632086  
8922.639856  	8381.895062  	9377.888184  	9799.44808  	10224.87682  	9727.752159  	9255.495271  	8655.739736  	9567.572324  	10361.54508  	10116.99527  	9927.492896  
8935.215076  	8399.048671  	9406.560623  	9813.690553  	10248.80674  	9755.203902  	9272.075967  	8665.404209  	9578.435475  	10382.70432  	10134.50989  	9969.139706  
8947.764089  	8412.394272  	9431.014364  	9832.886078  	10266.99548  	9744.813669  	9280.762045  	8676.421689  	9588.415176  	10400.88763  	10156.04598  	9967.670388  
8950.315047  	8405.950005  	9428.118062  	9835.223286  	10260.64074  	9717.072328  	9279.639678  	8672.379911  	9596.594288  	10407.87911  	10149.01924  	9946.54714  
8947.570754  	8403.350971  	9426.26072  	9829.330266  	10246.23195  	9703.522067  	9282.622095  	8673.93032  	9603.354639  	10402.04307  	10142.06194  	9954.23076  
8949.592188  	8414.343471  	9443.99257  	9836.077171  	10259.01561  	9708.1588  	9290.164045  	8681.870602  	9619.588542  	10414.34523  	10144.07189  	9971.459545  
8940.47861  	8410.13988  	9440.165769  	9840.02755  	10254.71601  	9692.143834  	9282.472715  	8675.316906  	9611.298732  	10410.50532  	10138.62445  	9958.859871  
8961.484121  	8414.701615  	9443.862045  	9844.330743  	10253.00574  	9710.614602  	9287.829592  	8664.923253  	9601.545355  	10415.377  	10155.38312  	9965.77907  
8942.543365  	8397.260515  	9423.812814  	9840.143666  	10212.72515  	9684.095604  	9275.96911  	8671.777167  	9581.506811  	10408.59266  	10143.87752  	9947.254221  
8943.453282  	8390.296329  	9403.031214  	9840.449651  	10211.64288  	9666.525965  	9283.935935  	8669.149863  	9577.020671  	10407.79547  	10140.32622  	9914.796677  
8951.689027  	8387.354646  	9390.536355  	9831.267943  	10234.98434  	9652.191148  	9287.934396  	8657.798451  	9587.057437  	10420.24917  	10149.5505  	9911.431769  
8953.219501  	8386.299297  	9400.084897  	9838.299669  	10239.84094  	9666.748014  	9295.384178  	8671.407599  	9585.492915  	10427.81038  	10147.39699  	9909.507619  
8962.58882  	8400.21581  	9422.319322  	9835.366376  	10246.04034  	9688.782077  	9305.931761  	8681.794794  	9604.441342  	10429.67374  	10159.98767  	9939.885275  
8965.330473  	8421.184024  	9439.872775  	9852.386016  	10248.93256  	9683.876826  	9304.339168  	8685.989279  	9606.594332  	10437.1886  	10147.13996  	9931.427734  
8987.607974  	8436.378921  	9440.546886  	9858.655371  	10248.64901  	9683.650828  	9320.456314  	8703.989667  	9612.457801  	10450.35664  	10154.63619  	9930.802403  
8985.265383  	8432.290374  	9437.543349  	9868.393661  	10254.54071  	9696.662034  	9313.81389  	8700.931405  	9617.191611  	10454.62099  	10155.41674  	9939.46785  
8997.663408  	8452.191699  	9448.516201  	9884.139915  	10276.76217  	9708.741259  	9343.038165  	8731.537284  	9634.511  	10483.24493  	10182.16465  	9957.018812  
9001.586542  	8467.342189  	9444.926445  	9892.835951  	10255.58717  	9716.22761  	9355.805572  	8738.777931  	9644.249427  	10496.41091  	10177.13326  	9966.486287  
9020.022734  	8496.125781  	9476.258045  	9919.769538  	10289.72825  	9763.065794  	9380.244423  	8770.224348  	9666.167049  	10519.9593  	10194.65176  	10032.03213  
9032.810931  	8493.75502  	9473.518263  	9940.817646  	10320.83179  	9766.896084  	9386.15823  	8765.724122  	9669.734906  	10527.42691  	10229.23706  	10017.54874  
9027.784511  	8483.61217  	9473.314234  	9950.572145  	10298.21547  	9749.3996  	9376.182056  	8752.265704  	9651.605616  	10521.59838  	10214.9133  	9987.066607  
9024.324185  	8468.005609  	9452.706807  	9943.427796  	10294.2339  	9710.297585  	9378.795064  	8756.022869  	9650.467322  	10525.49054  	10221.79475  	9967.229063  
9011.571071  	8454.359291  	9438.696466  	9923.605454  	10276.04139  	9700.745462  	9371.882748  	8737.710713  	9630.676567  	10520.33779  	10213.89102  	9937.587166  
9021.650182  	8453.03704  	9438.014041  	9927.838348  	10282.13908  	9705.727443  	9371.980974  	8745.103897  	9631.206695  	10513.04539  	10213.34816  	9951.967932  
9010.40918  	8438.830796  	9432.140918  	9916.139106  	10280.25945  	9720.929323  	9364.838168  	8737.24234  	9625.225977  	10510.0056  	10190.18263  	9976.813982  
9026.043575  	8453.25983  	9433.13951  	9927.545111  	10294.06886  	9724.191694  	9378.884582  	8748.468811  	9624.848783  	10522.3216  	10203.47674  	9966.100034  
9007.652973  	8433.38144  	9409.284291  	9909.365459  	10270.39459  	9686.417519  	9364.665025  	8727.604488  	9617.379938  	10514.65632  	10184.54724  	9938.964995  
9003.140941  	8432.526139  	9416.651055  	9915.498461  	10271.43504  	9695.917468  	9360.606362  	8730.756539  	9619.154429  	10500.22387  	10193.3824  	9935.403351  
9008.905197  	8434.915839  	9428.589958  	9923.644392  	10291.69399  	9710.104497  	9385.212932  	8737.635704  	9645.459022  	10520.11128  	10187.12938  	9949.535403  
9028.301651  	8458.364363  	9457.74858  	9946.65761  	10303.59034  	9739.974853  	9374.513879  	8731.525409  	9638.555842  	10515.27886  	10211.28749  	9975.726965  
9031.203922  	8460.267664  	9461.277944  	9946.637935  	10315.79278  	9735.546798  	9366.396663  	8743.584393  	9625.170475  	10520.61611  	10203.41409  	9977.820176  
8999.81415  	8429.562223  	9424.940397  	9924.816174  	10281.61965  	9717.554598  	9346.302867  	8723.319035  	9614.483354  	10493.33702  	10187.85364  	9960.718412  
8989.031864  	8419.510851  	9412.88359  	9907.692339  	10253.0022  	9704.238627  	9340.438809  	8705.100684  	9608.19178  	10474.68658  	10176.57918  	9947.597786  
