10208.46464  	9932.558557  	9923.571503  	10515.92806  	10116.5419  	10379.91727  	10390.76851  	10018.81292  	9544.247944  	10364.25587  	10385.12541  	10663.18221  
10195.65558  	9912.498163  	9919.936886  	10502.21299  	10103.26444  	10358.02916  	10366.06663  	10000.77372  	9541.955636  	10348.73637  	10378.39611  	10636.96881  
10175.71286  	9904.812142  	9912.55788  	10487.51405  	10094.53945  	10356.78347  	10348.9737  	9988.121417  	9544.536941  	10332.13603  	10363.39031  	10622.97352  
10177.10586  	9913.240526  	9914.511854  	10480.31779  	10104.43944  	10389.97718  	10344.96621  	9992.914976  	9549.795305  	10324.74934  	10359.79575  	10636.22499  
10166.5875  	9902.346212  	9907.680804  	10481.03153  	10090.53899  	10372.82436  	10344.17981  	10003.14506  	9553.148351  	10331.31236  	10365.17268  	10637.53096  
10175.90294  	9908.21025  	9900.156453  	10490.93881  	10097.96184  	10375.13625  	10350.35014  	10002.99144  	9536.960116  	10338.55817  	10361.92733  	10640.96062  
10163.20282  	9902.743527  	9890.27087  	10482.94614  	10085.41607  	10367.64872  	10330.6669  	9983.715986  	9526.962086  	10322.5038  	10333.79006  	10637.96562  
10163.04059  	9894.722171  	9885.089919  	10473.97502  	10070.79687  	10367.33177  	10326.78984  	9964.613495  	9525.575292  	10312.66677  	10336.8021  	10620.77757  
10176.89209  	9894.135299  	9891.410862  	10480.61001  	10084.08245  	10410.31921  	10331.62571  	9968.781977  	9529.697546  	10313.10689  	10336.17142  	10657.8719  
10171.00696  	9883.653709  	9898.377417  	10480.22622  	10075.90704  	10388.83595  	10335.30308  	9972.553263  	9541.161111  	10317.92437  	10333.58855  	10650.57123  
10180.98738  	9888.889038  	9900.936928  	10500.78618  	10082.90865  	10367.56205  	10347.13026  	9977.193612  	9535.266902  	10334.47168  	10355.97081  	10642.08893  
10181.33044  	9891.63756  	9902.088032  	10507.38612  	10075.04732  	10343.66213  	10342.95819  	9968.615733  	9534.493416  	10336.41226  	10332.24643  	10610.2149  
10174.75483  	9871.300203  	9892.038473  	10488.87928  	10063.29486  	10346.89586  	10342.68816  	9955.620634  	9534.445852  	10328.01202  	10324.58539  	10599.34006  
10181.81938  	9879.681383  	9897.398556  	10486.56811  	10078.60502  	10378.12121  	10338.59723  	9946.374937  	9538.572096  	10321.17411  	10315.82499  	10607.07163  
10162.99239  	9863.307518  	9899.595974  	10482.93492  	10061.71064  	10354.39461  	10335.336  	9950.549437  	9533.516784  	10321.51485  	10333.67404  	10607.69686  
10181.27033  	9876.656637  	9908.143867  	10492.65103  	10108.1925  	10362.57999  	10357.71149  	9965.706862  	9536.255664  	10336.28512  	10366.91331  	10618.47869  
10177.87175  	9883.612033  	9903.672638  	10493.11628  	10088.49574  	10352.63994  	10338.31005  	9965.170084  	9526.971928  	10325.98209  	10346.76722  	10629.86391  
10176.9698  	9872.223497  	9913.097415  	10484.14917  	10095.89055  	10338.35361  	10335.34153  	9960.427213  	9545.689983  	10316.08116  	10354.71531  	10622.32372  
10180.68199  	9885.605301  	9916.259352  	10490.25152  	10099.34512  	10386.45744  	10339.00496  	9966.677248  	9551.014427  	10317.21596  	10354.58013  	10642.2371  
10184.38434  	9888.412185  	9918.816213  	10493.65995  	10089.84146  	10379.75452  	10344.47463  	9971.446462  	9562.563769  	10320.34954  	10352.65826  	10648.97077  
10188.50937  	9888.510285  	9915.407727  	10503.45248  	10102.10298  	10373.3366  	10357.00857  	9994.957346  	9556.614989  	10342.01264  	10370.22259  	10646.32377  
10199.02058  	9909.571387  	9922.897613  	10525.87791  	10090.11034  	10380.53318  	10359.82886  	9992.18372  	9545.062348  	10349.78358  	10352.21444  	10642.41124  
10184.73549  	9900.643225  	9912.944495  	10497.70597  	10073.72753  	10371.42415  	10345.11502  	9979.401748  	9539.787367  	10334.05045  	10328.42317  	10633.30398  
10202.64395  	9906.834842  	9923.308795  	10502.64828  	10088.47358  	10422.8834  	10360.98  	9980.322697  	9549.193333  	10333.92453  	10336.73549  	10664.11823  
10191.2647  	9904.268831  	9930.820819  	10488.51107  	10079.07037  	10421.24875  	10361.94883  	9983.007245  	9555.300866  	10334.74924  	10341.31255  	10667.74276  
10195.08225  	9894.111312  	9931.872459  	10500.89193  	10075.72457  	10394.45237  	10365.94667  	9993.177507  	9551.145522  	10342.9773  	10354.00634  	10650.39218  
10210.42293  	9919.021388  	9932.988623  	10514.85864  	10109.09796  	10401.08479  	10376.7577  	9996.129078  	9547.616767  	10348.84924  	10367.1168  	10661.34653  
10207.02369  	9910.707781  	9930.271798  	10505.72137  	10097.36455  	10384.5899  	10372.79452  	9983.698743  	9551.183692  	10336.30686  	10349.71342  	10626.424  
10202.93039  	9899.12231  	9918.440362  	10498.6496  	10088.27791  	10389.34641  	10361.68778  	9972.442224  	9539.6186  	10323.66592  	10349.57247  	10636.01513  
10205.25358  	9917.670391  	9940.28991  	10500.92433  	10098.46787  	10433.51658  	10369.0236  	9987.312223  	9569.078821  	10328.48465  	10365.53894  	10657.98548  
10229.60008  	9927.797073  	9950.910315  	10522.83732  	10123.99896  	10415.20123  	10395.44858  	10008.11744  	9577.067465  	10357.27413  	10393.06421  	10659.15291  
10231.20629  	9941.692378  	9957.861105  	10522.06675  	10123.53658  	10407.05558  	10390.82298  	10007.37302  	9580.839831  	10356.789  	10379.98681  	10661.73917  
10226.27556  	9932.524853  	9950.084175  	10517.13598  	10126.97976  	10393.11468  	10384.84594  	10007.85376  	9581.790925  	10348.30562  	10382.93034  	10644.81844  
10231.01798  	9943.853933  	9955.73294  	10510.16954  	10119.52046  	10421.52244  	10378.78081  	10000.59622  	9591.54673  	10337.97631  	10370.45654  	10676.768  
10219.19108  	9930.352376  	9944.611763  	10497.19254  	10117.81783  	10407.76847  	10380.29801  	10014.35549  	9590.030644  	10341.19116  	10385.2883  	10673.07073  
10216.73747  	9940.750707  	9935.191851  	10509.00969  	10115.35567  	10386.87345  	10378.31163  	10025.25311  	9567.858669  	10348.34409  	10389.63938  	10657.69189  
10196.15768  	9930.394728  	9925.129891  	10492.39972  	10107.55006  	10379.07162  	10357.85265  	10000.66538  	9561.979301  	10330.34098  	10374.65302  	10645.42473  
10183.13008  	9919.556364  	9912.098435  	10484.2622  	10104.05408  	10384.65841  	10346.69516  	10005.29944  	9554.385197  	10326.92315  	10353.8161  	10638.98778  
10190.59875  	9935.43883  	9925.361772  	10492.80855  	10119.16425  	10415.1323  	10347.71622  	10018.54061  	9556.271378  	10320.93686  	10363.28527  	10674.08182  
10182.59067  	9925.20001  	9924.543623  	10492.80397  	10106.13839  	10388.96885  	10352.02323  	10018.7604  	9557.783579  	10333.5253  	10370.94862  	10661.90508  
10195.10082  	9931.515324  	9918.24839  	10516.65378  	10109.20392  	10399.50928  	10362.70998  	10028.55192  	9540.008492  	10350.47136  	10397.67297  	10664.29338  
10189.2475  	9925.2543  	9924.506133  	10508.70315  	10103.04399  	10395.30726  	10357.84722  	10014.26547  	9544.075126  	10346.36503  	10374.53244  	10663.19169  
10195.21527  	9912.694522  	9905.615815  	10504.16735  	10097.22406  	10403.72851  	10353.87898  	9995.574082  	9531.279543  	10329.61349  	10355.66203  	10662.79734  
10194.39836  	9914.194858  	9911.304952  	10500.63363  	10088.23317  	10416.52704  	10354.738  	9985.958382  	9541.168894  	10332.22045  	10352.75278  	10667.75022  
10189.88583  	9894.393505  	9909.855135  	10505.91536  	10084.7406  	10391.91619  	10361.70869  	9989.983488  	9541.579611  	10341.91579  	10351.04064  	10652.41406  
10212.55652  	9909.390018  	9917.747517  	10525.81922  	10103.10122  	10398.99987  	10384.29396  	9994.734772  	9529.736859  	10355.24671  	10375.00789  	10646.36798  
10214.91192  	9925.992059  	9916.314495  	10529.94222  	10109.57269  	10379.59816  	10375.24499  	9991.167547  	9537.349826  	10354.51723  	10368.06008  	10627.97114  
10218.44851  	9919.44141  	9913.878521  	10523.37922  	10106.59269  	10381.05989  	10372.49161  	9987.295241  	9548.930809  	10357.44788  	10361.49842  	10625.96335  
10232.5413  	9938.986438  	9927.885864  	10519.44344  	10125.62125  	10441.48703  	10376.32613  	9996.76357  	9562.502289  	10346.55711  	10361.86337  	10663.92633  
10208.9078  	9921.534669  	9928.927148  	10511.55852  	10099.0024  	10395.14435  	10373.35439  	9999.668566  	9556.186141  	10347.64216  	10369.92947  	10654.2511  
10226.66056  	9935.514074  	9923.710655  	10532.05744  	10115.69539  	10393.76366  	10386.87635  	10017.85849  	9552.556157  	10366.35848  	10397.89387  	10666.35278  
10219.0369  	9937.605831  	9914.534708  	10523.02983  	10101.65989  	10373.45787  	10376.67728  	10006.35504  	9532.573251  	10356.74903  	10372.75803  	10630.93821  
10212.20328  	9917.876698  	9906.262201  	10516.99549  	10096.38963  	10367.21594  	10371.20269  	9986.409032  	9529.087951  	10343.41891  	10356.57374  	10625.99169  
10222.03144  	9923.093706  	9907.643679  	10512.72821  	10097.82011  	10384.50455  	10372.60024  	9986.864861  	9537.48791  	10339.61293  	10354.18644  	10649.14906  
10214.33439  	9914.858998  	9902.843823  	10519.89366  	10095.95784  	10357.89487  	10377.10467  	9997.122116  	9527.503628  	10349.58914  	10359.62144  	10634.71048  
10214.69854  	9922.656577  	9901.010003  	10527.64962  	10087.1858  	10358.0351  	10371.92877  	9982.223001  	9522.758783  	10343.19382  	10353.19447  	10618.12861  
10201.81669  	9914.859586  	9887.295706  	10509.37669  	10088.36704  	10358.97008  	10360.06874  	9969.101462  	9526.050187  	10331.91364  	10337.00125  	10629.00257  
10206.51911  	9931.285744  	9911.432829  	10510.50698  	10108.30309  	10410.32298  	10366.23591  	9986.169186  	9546.956071  	10338.1363  	10351.22055  	10665.46805  
10200.60288  	9926.750125  	9917.163643  	10514.94059  	10096.17166  	10398.08538  	10367.21448  	9994.285207  	9543.581765  	10348.1252  	10363.93395  	10659.99708  
10213.04212  	9947.380694  	9921.558836  	10523.1261  	10112.86471  	10400.96983  	10379.46379  	10005.88011  	9537.178245  	10363.87624  	10390.86024  	10666.31335  
10194.99637  	9936.286939  	9925.631702  	10511.86585  	10095.45579  	10382.19512  	10362.48883  	9986.366699  	9535.73997  	10348.54066  	10368.297  	10644.10169  
10217.02493  	9942.352943  	9936.116546  	10514.02453  	10116.57526  	10448.58608  	10375.3038  	9988.604865  	9545.460223  	10353.67214  	10370.47544  	10695.28599  
10195.43962  	9927.686947  	9929.056745  	10502.94653  	10095.28827  	10426.57428  	10371.95373  	9986.303983  	9543.758693  	10355.94964  	10359.99849  	10669.37478  
10202.7354  	9933.259099  	9926.486041  	10510.23102  	10105.92288  	10407.86563  	10378.82499  	9994.555329  	9531.92057  	10364.65722  	10366.51961  	10663.47105  
10194.65464  	9937.236534  	9915.465682  	10506.34862  	10106.98846  	10392.05489  	10363.79526  	9975.028053  	9523.466427  	10349.53214  	10353.57008  	10636.88765  
10194.21276  	9928.599529  	9907.82163  	10495.58996  	10102.7196  	10375.14472  	10363.77369  	9966.63491  	9523.401427  	10338.55649  	10342.8624  	10624.95271  
10191.64227  	9922.099972  	9915.990685  	10495.64776  	10102.816  	10387.98949  	10359.74404  	9968.061179  	9535.134227  	10331.2892  	10339.87401  	10642.16517  
10198.81226  	9918.805594  	9917.395852  	10516.84805  	10111.52348  	10365.81851  	10379.04152  	9979.718097  	9532.958825  	10351.3654  	10373.56713  	10634.44175  
10201.94071  	9931.855895  	9907.1795  	10517.06389  	10105.20401  	10362.82799  	10363.67878  	9979.212547  	9530.100253  	10334.66557  	10372.28523  	10625.70512  
10202.22097  	9924.343127  	9918.87502  	10514.66615  	10096.10401  	10373.60874  	10359.81222  	9965.201135  	9544.397643  	10331.13324  	10359.34332  	10630.32258  
10204.76081  	9932.138963  	9936.921794  	10507.50115  	10103.8924  	10395.8133  	10374.29839  	9982.709436  	9550.544603  	10334.86711  	10368.25476  	10653.13066  
10212.0487  	9933.187236  	9926.430212  	10522.20807  	10101.1357  	10392.55931  	10376.99292  	10000.49729  	9544.376024  	10351.02534  	10377.07014  	10642.05445  
10213.90006  	9951.596656  	9927.84047  	10522.89983  	10104.66291  	10391.94736  	10376.95992  	9999.7451  	9532.697391  	10351.62621  	10377.79709  	10661.9834  
10204.4933  	9936.343753  	9917.265022  	10515.74177  	10105.28623  	10383.5685  	10362.17485  	9985.745703  	9530.569445  	10344.52956  	10358.68287  	10638.58941  
10213.45385  	9951.766596  	9919.08852  	10511.81337  	10115.96616  	10423.85631  	10371.67278  	9995.712939  	9536.865593  	10337.40509  	10363.43414  	10680.14287  
10209.81255  	9940.978651  	9919.726051  	10509.74921  	10105.08489  	10414.14605  	10381.12058  	10004.88279  	9542.922207  	10348.94175  	10386.87788  	10679.12043  
10216.06231  	9953.218648  	9917.874041  	10526.00511  	10125.37586  	10413.44419  	10384.69885  	10013.8784  	9544.588886  	10362.22043  	10390.61558  	10686.60272  
10206.94611  	9938.855062  	9917.292899  	10515.9864  	10114.28583  	10404.13429  	10374.63638  	10002.87409  	9540.697764  	10353.0661  	10379.52181  	10667.52481  
10218.78919  	9930.800672  	9921.291577  	10509.93714  	10127.22007  	10440.61647  	10380.36597  	9997.016252  	9554.519389  	10350.3291  	10374.99051  	10677.06754  
10203.30823  	9920.655688  	9918.811517  	10506.3888  	10098.2445  	10404.71483  	10368.55144  	9995.876685  	9549.981522  	10346.10952  	10362.89292  	10654.62624  
10209.14074  	9921.441694  	9923.293714  	10521.11149  	10101.7126  	10412.5479  	10382.89827  	10006.76204  	9545.878376  	10359.1733  	10387.24011  	10679.46225  
10204.26268  	9933.106498  	9921.462108  	10520.14386  	10102.97924  	10406.01776  	10377.76473  	10007.93895  	9544.129969  	10356.86351  	10377.54365  	10664.25867  
10193.8829  	9920.202867  	9913.582296  	10500.77649  	10088.3018  	10377.28263  	10360.09295  	9975.634418  	9525.058449  	10336.72773  	10359.9433  	10642.84273  
10206.58519  	9927.85983  	9913.019473  	10495.00139  	10092.66345  	10412.00947  	10371.85137  	9979.796307  	9541.459771  	10333.20302  	10350.7651  	10658.67643  
10183.4971  	9914.731085  	9906.639038  	10492.74337  	10084.46057  	10391.37738  	10363.67684  	9987.40036  	9543.372633  	10328.04755  	10350.20716  	10645.89965  
10189.82189  	9927.756287  	9912.087251  	10500.4351  	10097.69677  	10386.93456  	10369.87153  	9994.492282  	9536.066218  	10345.22497  	10372.86452  	10649.31046  
10188.65562  	9923.510948  	9912.096536  	10503.97953  	10086.28507  	10382.39982  	10365.69329  	9980.51786  	9533.040591  	10335.02086  	10345.01095  	10635.7553  
10200.86529  	9929.675181  	9925.432617  	10497.24524  	10109.0647  	10428.25756  	10366.5034  	9983.322234  	9548.633689  	10337.98859  	10362.27964  	10675.34187  
10183.28431  	9921.292653  	9931.609347  	10492.11154  	10101.36185  	10420.13774  	10365.73384  	9997.658195  	9557.747709  	10336.15372  	10362.12385  	10682.21893  
10203.92567  	9935.603224  	9936.172293  	10515.30964  	10122.19642  	10418.17815  	10386.69487  	10007.02634  	9554.879928  	10362.81631  	10386.37495  	10680.35408  
10206.4825  	9942.208528  	9921.837747  	10513.07217  	10110.24387  	10405.12557  	10379.21048  	9998.763606  	9554.811423  	10360.44554  	10381.73447  	10669.11544  
10202.43597  	9931.604752  	9920.490474  	10507.80833  	10100.9065  	10399.41116  	10371.7572  	9988.39495  	9547.808652  	10341.2833  	10356.81363  	10657.7919  
10216.0925  	9929.783208  	9929.127707  	10506.84144  	10104.46843  	10423.25587  	10382.45912  	9998.843407  	9553.426827  	10353.50873  	10365.08643  	10670.86124  
10215.82998  	9933.525693  	9918.75231  	10521.8986  	10104.19736  	10388.62593  	10384.78292  	10007.77528  	9544.492858  	10359.41352  	10360.73112  	10658.35589  
10210.3956  	9934.090318  	9914.279778  	10524.36225  	10102.26125  	10384.06962  	10380.91113  	10003.39262  	9538.428769  	10362.02629  	10362.81775  	10660.58923  
10194.55086  	9914.492661  	9902.520211  	10507.35903  	10086.84102  	10375.80109  	10365.03331  	9977.960258  	9526.394528  	10340.52733  	10342.12085  	10639.22706  
10208.70289  	9914.221056  	9904.074494  	10499.47748  	10104.17934  	10403.19366  	10365.47831  	9975.465307  	9533.386035  	10332.28523  	10350.10156  	10655.64691  
10188.29095  	9900.916631  	9911.061761  	10494.02679  	10075.55215  	10390.54169  	10360.18981  	9968.363732  	9538.465263  	10332.70219  	10345.38971  	10662.61948  
10201.96914  	9911.854383  	9908.760741  	10507.15461  	10102.25785  	10395.65239  	10373.28682  	9985.558096  	9539.691508  	10341.89353  	10369.88766  	10662.24067  
10192.66846  	9914.416822  	9917.756153  	10505.8392  	10095.96647  	10378.24353  	10362.46135  	9981.910916  	9542.559067  	10340.20372  	10354.06557  	10649.38037  
10205.00255  	9914.686893  	9930.827866  	10511.23056  	10110.23016  	10399.8122  	10367.94569  	9994.018944  	9563.810122  	10343.44386  	10349.42334  	10651.2253  
10220.18657  	9939.726336  	9948.028229  	10522.2397  	10126.54493  	10437.045  	10382.0321  	10018.03223  	9575.033996  	10360.78488  	10372.80212  	10692.60126  
10224.51717  	9944.599364  	9955.018743  	10534.06182  	10123.7239  	10405.49518  	10397.09325  	10039.44884  	9585.856709  	10381.22618  	10401.08651  	10682.59972  
10225.71073  	9964.431317  	9946.892876  	10536.61843  	10125.57704  	10404.89541  	10395.25728  	10042.97749  	9581.76664  	10378.12406  	10408.39578  	10686.87972  
10228.21314  	9948.022133  	9929.999127  	10524.45396  	10107.37725  	10412.07564  	10390.58657  	10023.78277  	9564.564944  	10365.23713  	10387.46889  	10668.79437  
10225.85905  	9938.876059  	9934.688355  	10519.64187  	10126.72008  	10434.42071  	10385.07433  	10018.17749  	9554.130071  	10359.45512  	10378.32045  	10693.11862  
10227.17141  	9936.632438  	9930.841623  	10530.04181  	10127.21836  	10422.10363  	10402.43341  	10024.37361  	9544.619804  	10374.02138  	10390.93389  	10685.65746  
10221.69968  	9933.895645  	9919.229447  	10532.88528  	10113.41412  	10428.40094  	10391.20654  	10004.61452  	9523.261386  	10363.66807  	10386.79996  	10670.60117  
10211.14024  	9910.806073  	9910.035897  	10516.26008  	10100.99939  	10404.38232  	10375.66388  	9967.586561  	9526.093455  	10339.81662  	10356.58505  	10657.20228  
10222.32698  	9909.829362  	9922.466815  	10507.05038  	10117.79827  	10432.93119  	10373.43017  	9965.222483  	9529.054886  	10331.18368  	10350.81182  	10683.58529  
10198.02474  	9889.023595  	9918.917335  	10502.30561  	10094.58339  	10393.82885  	10372.28391  	9963.157197  	9532.919134  	10340.16263  	10358.68045  	10665.21229  
10204.05748  	9900.032167  	9919.421678  	10511.8267  	10109.49124  	10396.59037  	10377.83795  	9971.383894  	9523.415433  	10346.91807  	10371.13496  	10667.93216  
10202.64525  	9897.981123  	9909.369928  	10501.71729  	10100.30899  	10400.79462  	10374.02995  	9965.574006  	9516.486922  	10335.17607  	10367.73561  	10668.82167  
10202.55404  	9900.893831  	9917.81867  	10499.22491  	10102.64196  	10419.28896  	10365.73934  	9967.57038  	9530.367064  	10330.81895  	10367.68745  	10682.85733  
10188.21609  	9901.120075  	9912.383224  	10490.96939  	10092.11756  	10419.67088  	10365.20256  	9975.613048  	9532.062871  	10326.94456  	10360.8839  	10671.37629  
10198.3854  	9915.516632  	9915.500901  	10512.01776  	10112.69052  	10406.02095  	10376.91198  	10002.93119  	9537.477768  	10342.99255  	10388.37142  	10687.42739  
10195.47725  	9929.835666  	9910.20203  	10516.658  	10102.86439  	10405.35413  	10369.8489  	10006.52524  	9538.116942  	10348.10072  	10387.19436  	10679.22304  
10185.33257  	9920.318554  	9914.185789  	10499.33907  	10093.71555  	10381.99099  	10358.2871  	9993.394405  	9539.134143  	10334.60871  	10371.39688  	10664.20248  
10196.4974  	9931.281909  	9911.197666  	10497.48691  	10104.23017  	10415.60872  	10353.37958  	9989.656237  	9547.793434  	10330.75721  	10362.334  	10668.03887  
10185.59184  	9915.386195  	9916.667396  	10483.51167  	10090.2963  	10408.98696  	10352.78984  	9998.541173  	9550.021411  	10324.49015  	10360.53873  	10674.12146  
10191.82752  	9913.643399  	9916.610541  	10493.16879  	10082.38096  	10383.00115  	10364.47031  	10007.59266  	9555.54538  	10345.74957  	10373.06738  	10669.18931  
10193.10641  	9913.972  	9915.694568  	10505.65055  	10079.44743  	10357.27698  	10368.50287  	10009.64599  	9548.470342  	10344.58173  	10365.93558  	10639.80393  
10186.1961  	9899.620358  	9916.54949  	10496.49726  	10078.28155  	10353.78319  	10359.42371  	10003.39425  	9548.420624  	10341.19649  	10346.81952  	10633.66367  
10193.16605  	9905.861689  	9921.468226  	10500.17715  	10081.55855  	10376.03218  	10365.82216  	9997.460784  	9556.048929  	10339.91825  	10355.28833  	10652.88495  
10191.56122  	9907.70471  	9928.656769  	10497.44489  	10083.15086  	10376.49991  	10359.32863  	10000.14664  	9562.01738  	10340.46458  	10351.20475  	10651.42042  
10198.92361  	9908.891158  	9927.275783  	10509.03699  	10100.00385  	10358.12606  	10373.1361  	10010.1921  	9565.229567  	10356.49949  	10374.57715  	10644.83575  
10202.06756  	9917.493463  	9930.648191  	10512.53604  	10097.0167  	10357.41426  	10377.37086  	10019.90687  	9561.507732  	10357.94428  	10374.66783  	10645.15078  
10195.0453  	9915.279618  	9924.198818  	10509.40199  	10096.5418  	10345.74675  	10369.80062  	10010.70005  	9571.71619  	10354.01458  	10356.69905  	10620.60606  
10204.66269  	9914.171093  	9924.665871  	10511.95047  	10112.02591  	10371.94841  	10373.25366  	10010.33791  	9568.243284  	10353.36546  	10351.93929  	10642.10559  
10212.94228  	9931.675519  	9937.749618  	10508.19348  	10109.59337  	10407.87574  	10373.97179  	10019.56328  	9571.312991  	10351.62329  	10361.62502  	10648.37291  
10206.08672  	9932.415647  	9918.138559  	10525.73086  	10099.15018  	10387.10944  	10381.42077  	10032.14801  	9549.862455  	10362.87437  	10372.39566  	10642.69579  
10200.74324  	9927.670587  	9908.240504  	10512.98274  	10097.14761  	10371.87251  	10371.18087  	10019.76741  	9532.422466  	10349.35112  	10373.81774  	10632.40887  
10193.24555  	9911.178702  	9890.306051  	10502.45855  	10080.27386  	10363.28986  	10360.53721  	9986.996121  	9524.135114  	10329.59523  	10353.18424  	10606.80263  
10216.77474  	9922.649002  	9920.914761  	10518.16461  	10106.4457  	10408.10078  	10377.40467  	9998.077422  	9554.924239  	10347.19627  	10364.27237  	10666.68163  
10221.236  	9927.26234  	9928.971895  	10529.88455  	10099.55293  	10398.65249  	10388.93696  	10009.28416  	9567.910625  	10371.64701  	10370.34129  	10663.92541  
10233.42289  	9934.924086  	9936.807255  	10549.40756  	10105.42656  	10383.94573  	10404.39427  	10023.5915  	9559.327106  	10384.15945  	10379.45329  	10662.71334  
10236.39233  	9947.400289  	9926.596219  	10547.00483  	10110.86592  	10382.75513  	10397.74495  	10010.83202  	9549.623649  	10371.89314  	10381.99752  	10652.49761  
10232.41802  	9933.276086  	9916.298642  	10534.2478  	10108.37297  	10389.25198  	10390.96723  	10004.12082  	9546.627426  	10363.03726  	10366.5938  	10653.68474  
10222.78782  	9925.904051  	9911.147356  	10513.35634  	10103.00977  	10378.62002  	10372.93427  	9993.065348  	9539.658113  	10335.69554  	10352.87652  	10647.34201  
10197.45838  	9897.683357  	9891.849645  	10499.52986  	10089.3533  	10347.73963  	10365.85363  	9981.576304  	9522.60583  	10334.2607  	10345.74147  	10617.69073  
10213.80667  	9909.794703  	9900.895406  	10518.56703  	10097.22716  	10368.25309  	10386.10721  	9987.088937  	9529.039794  	10347.0946  	10382.66177  	10628.80413  
10202.26488  	9897.027666  	9904.967856  	10507.67234  	10096.06633  	10363.27522  	10372.53624  	9979.868264  	9530.125876  	10341.97909  	10361.42176  	10624.68799  
10217.06816  	9908.315734  	9903.886365  	10507.41981  	10119.42422  	10409.02935  	10375.12875  	9978.534034  	9539.14127  	10340.97802  	10365.83386  	10662.10488  
10196.5998  	9901.787951  	9898.593181  	10494.68499  	10089.10508  	10394.9754  	10363.81697  	9981.680377  	9541.179003  	10331.1624  	10360.66386  	10654.9973  
10206.97803  	9905.650596  	9908.78342  	10512.6713  	10093.954  	10387.02147  	10379.6845  	9996.922605  	9533.805252  	10350.68884  	10370.16325  	10662.87676  
10203.74224  	9914.339969  	9906.300891  	10517.55489  	10094.46424  	10387.5438  	10368.59944  	9986.038493  	9536.271069  	10338.11521  	10355.91871  	10656.33077  
10202.01761  	9909.713573  	9902.368095  	10500.19371  	10089.04234  	10386.52153  	10365.81369  	9969.286214  	9524.492823  	10326.03032  	10353.38688  	10649.32099  
10203.33927  	9925.941095  	9907.943564  	10499.77774  	10105.15577  	10418.54376  	10370.99588  	9981.990483  	9534.6695  	10331.72416  	10352.10315  	10669.34874  
10193.53537  	9913.778906  	9913.156192  	10499.21705  	10091.28112  	10383.1669  	10368.19147  	9983.263048  	9541.94428  	10342.59168  	10357.66523  	10670.48317  
10194.70142  	9932.64707  	9907.433123  	10503.60103  	10093.41687  	10381.86714  	10369.24178  	9993.253263  	9529.935437  	10339.41584  	10373.06799  	10657.75721  
10181.18772  	9921.05062  	9906.092278  	10497.29793  	10074.78101  	10373.67769  	10346.96  	9973.685428  	9537.941778  	10323.36572  	10334.77975  	10621.25651  
10193.42249  	9930.872537  	9914.540629  	10496.24121  	10103.04179  	10415.80295  	10360.14243  	9984.534719  	9552.026282  	10328.94176  	10357.27849  	10658.97346  
10178.702  	9913.258668  	9911.994722  	10483.79307  	10080.63725  	10377.51452  	10352.16984  	9984.99234  	9550.801215  	10331.54919  	10333.3127  	10647.5449  
10182.23976  	9907.884633  	9912.776925  	10502.83298  	10090.85614  	10369.14263  	10369.33568  	9999.574334  	9541.110467  	10344.98557  	10374.66211  	10638.93653  
10188.51125  	9913.661417  	9914.045258  	10502.41321  	10086.4317  	10347.4648  	10358.66421  	9990.47985  	9533.68937  	10340.7867  	10356.74765  	10629.90359  
10196.45149  	9911.037497  	9916.106654  	10500.61564  	10077.97925  	10382.22086  	10364.8835  	9989.648564  	9547.744389  	10338.65296  	10345.28921  	10640.72018  
10213.24757  	9926.563674  	9936.887158  	10507.87723  	10105.50987  	10404.90011  	10381.13565  	10004.31355  	9566.744794  	10352.66312  	10372.86578  	10671.78184  
10212.40977  	9935.787709  	9946.085626  	10524.22471  	10111.52045  	10396.06954  	10392.52885  	10014.70818  	9560.016645  	10366.79268  	10381.19167  	10661.79673  
10215.30589  	9952.060097  	9944.30128  	10528.22302  	10110.29089  	10410.01251  	10385.14782  	10018.8354  	9551.715373  	10366.53195  	10375.78994  	10647.28228  
10223.27609  	9962.745292  	9937.780943  	10531.88126  	10108.52894  	10433.18764  	10383.59528  	10011.93915  	9562.11588  	10363.6169  	10362.93452  	10659.96873  
10223.37576  	9962.107711  	9942.37654  	10517.27402  	10121.60494  	10438.95074  	10386.6239  	10010.63769  	9558.360422  	10351.19688  	10375.50177  	10675.13141  
10219.14429  	9956.16903  	9937.215951  	10522.63461  	10116.45221  	10389.18269  	10387.97729  	10016.13553  	9557.518839  	10364.28643  	10383.95327  	10659.5449  
10226.62435  	9960.733064  	9928.395213  	10525.35979  	10115.95078  	10375.34498  	10385.78589  	10010.00405  	9538.05657  	10356.8176  	10387.53097  	10648.61531  
10207.81882  	9941.249276  	9918.463069  	10500.9612  	10101.7755  	10364.29159  	10370.20229  	9993.823139  	9540.65141  	10336.55884  	10370.99265  	10630.0313  
10217.68622  	9933.131812  	9928.11094  	10510.10164  	10109.35639  	10387.02169  	10374.96255  	9993.334304  	9550.730974  	10336.38453  	10370.25773  	10648.80171  
10200.6323  	9931.698349  	9929.365161  	10500.51326  	10090.85499  	10370.25303  	10370.62841  	9994.443247  	9552.870653  	10337.28022  	10353.31215  	10637.38876  
10210.34653  	9926.77802  	9932.735825  	10519.59503  	10114.54818  	10367.47202  	10376.65906  	9998.065932  	9547.13136  	10349.2623  	10382.88055  	10649.37739  
10203.68019  	9933.788604  	9927.524513  	10510.31403  	10098.58139  	10370.09366  	10369.07902  	9991.821231  	9546.040307  	10342.30173  	10360.7112  	10626.08805  
10213.75472  	9935.490506  	9930.140659  	10509.9744  	10109.49868  	10396.85507  	10373.28283  	9988.33889  	9544.695139  	10345.78186  	10369.21929  	10643.42771  
10222.08558  	9939.161361  	9940.869363  	10511.13558  	10119.41037  	10430.46574  	10382.50318  	9989.809148  	9566.015319  	10349.02225  	10383.58083  	10666.34348  
10223.29269  	9934.123363  	9931.845678  	10523.84145  	10124.40046  	10406.97163  	10390.76579  	10002.27289  	9554.353765  	10364.42724  	10403.9141  	10673.46262  
10227.48757  	9944.486217  	9918.965948  	10529.10789  	10113.65651  	10402.10175  	10387.08706  	10003.09751  	9541.853099  	10365.10381  	10394.74231  	10667.22903  
10225.25522  	9926.465674  	9908.449845  	10524.02537  	10116.84009  	10392.86561  	10380.69167  	9989.801669  	9541.597298  	10349.30051  	10364.94094  	10655.41376  
10234.83995  	9928.128826  	9913.38617  	10522.97472  	10121.46885  	10411.77767  	10383.16239  	9985.868706  	9543.081676  	10354.96018  	10368.23284  	10672.44204  
10221.61771  	9913.573495  	9906.144136  	10525.4994  	10101.07381  	10377.56801  	10381.52788  	9992.620742  	9543.433961  	10360.43081  	10370.04438  	10659.31595  
10224.23004  	9916.902761  	9910.717482  	10530.73751  	10110.37437  	10389.05156  	10381.92409  	9992.091855  	9539.416845  	10359.85427  	10375.24422  	10657.97142  
10204.17347  	9911.293068  	9902.982569  	10509.97208  	10096.10594  	10373.73098  	10365.78871  	9980.179288  	9531.192833  	10351.16938  	10342.97267  	10647.58445  
10204.06817  	9912.088747  	9906.047845  	10502.11513  	10096.001  	10393.90083  	10362.80442  	9978.386767  	9541.88919  	10341.65465  	10346.72961  	10653.62436  
10190.69907  	9900.276611  	9906.260422  	10490.80799  	10100.57102  	10407.74941  	10363.1104  	9985.817903  	9547.485758  	10343.38937  	10357.8073  	10670.71602  
10189.4303  	9909.35924  	9914.423643  	10493.77092  	10101.98773  	10391.34536  	10366.16857  	9991.895554  	9542.114385  	10345.83311  	10368.72087  	10656.66726  
10194.65645  	9912.420703  	9916.013223  	10505.22758  	10096.35855  	10380.72048  	10361.32939  	9995.30838  	9539.773401  	10345.8573  	10369.89596  	10664.53704  
10196.16405  	9910.034939  	9920.449854  	10501.81583  	10095.47796  	10396.06554  	10363.52787  	9991.201284  	9556.103683  	10345.02692  	10361.19878  	10651.18021  
10232.43394  	9935.974304  	9941.975265  	10515.39432  	10130.26098  	10451.63555  	10378.13146  	10005.81835  	9578.632385  	10351.88601  	10380.22783  	10694.72712  
10214.0361  	9929.010665  	9951.529463  	10519.95664  	10126.78702  	10451.89375  	10384.8586  	10019.2859  	9567.410961  	10364.95433  	10393.14375  	10705.10674  
10232.62722  	9951.549594  	9956.049434  	10539.20277  	10142.04534  	10447.72479  	10400.79162  	10039.0198  	9568.584959  	10389.07027  	10418.96138  	10715.326  
10230.41638  	9961.472914  	9949.264726  	10529.81338  	10134.41501  	10434.51683  	10386.71392  	10029.02584  	9571.374071  	10373.74526  	10401.90011  	10709.66081  
10242.40079  	9972.52962  	9954.80524  	10532.71536  	10142.8935  	10479.82425  	10394.69938  	10041.16304  	9588.305663  	10380.46384  	10400.5633  	10725.83198  
10236.92034  	9974.644932  	9957.840106  	10519.3421  	10140.65234  	10472.35643  	10398.14689  	10056.13012  	9588.211527  	10374.23806  	10396.00461  	10738.22141  
10233.2071  	9981.27906  	9947.335644  	10532.46134  	10143.20634  	10436.00059  	10403.85248  	10067.61849  	9587.027012  	10381.96846  	10405.96298  	10728.1556  
10237.32434  	9992.343059  	9952.187216  	10532.79795  	10131.65894  	10418.822  	10395.32442  	10069.70777  	9569.253538  	10378.69444  	10393.86685  	10686.3641  
10217.35475  	9970.535967  	9937.809674  	10511.26501  	10112.29575  	10406.29002  	10382.87276  	10044.64522  	9563.882769  	10354.35146  	10379.52074  	10672.45781  
10232.1095  	9981.894235  	9936.855065  	10514.80063  	10131.98042  	10453.26351  	10378.4312  	10037.42325  	9567.154617  	10348.79487  	10372.40134  	10699.79318  
10204.67802  	9956.31439  	9936.323146  	10499.06659  	10111.67346  	10418.65749  	10375.06844  	10031.37176  	9563.364212  	10347.11062  	10380.016  	10680.10555  
10216.77466  	9962.611675  	9935.803336  	10521.18849  	10121.64305  	10424.00423  	10386.62162  	10030.97026  	9557.232896  	10357.63102  	10393.57522  	10688.35298  
10205.48595  	9956.770727  	9922.753926  	10509.07086  	10109.18792  	10411.79207  	10373.14349  	10026.18329  	9552.355815  	10352.35772  	10375.47985  	10683.21083  
10197.79186  	9941.790366  	9929.243887  	10505.87542  	10099.78038  	10393.69319  	10363.15828  	10012.3934  	9560.146225  	10344.15392  	10365.38279  	10661.28198  
10212.54303  	9961.899001  	9942.38043  	10505.9532  	10114.38399  	10446.31857  	10374.90945  	10022.56989  	9571.036094  	10348.30728  	10368.02269  	10694.55614  
10200.82651  	9957.763634  	9954.221993  	10507.93511  	10127.34464  	10428.60534  	10377.96097  	10025.35576  	9578.398126  	10360.1564  	10379.24288  	10689.60269  
10208.95878  	9969.887216  	9948.454081  	10523.46492  	10129.66506  	10411.95178  	10387.28531  	10045.63961  	9571.098571  	10368.74325  	10400.65479  	10684.77357  
10203.83906  	9956.774042  	9947.582765  	10518.79837  	10109.03621  	10390.2644  	10377.15957  	10025.36469  	9567.913683  	10367.04775  	10380.86554  	10662.65284  
10223.98549  	9963.525299  	9944.694812  	10523.24158  	10116.17061  	10401.25723  	10376.0404  	10023.38215  	9573.462108  	10364.99543  	10371.89482  	10669.17451  
10216.80221  	9951.124429  	9941.671911  	10508.8653  	10113.50498  	10379.75207  	10384.72915  	10027.85751  	9590.917787  	10366.63248  	10375.10176  	10669.87683  
10217.66823  	9943.675728  	9935.573356  	10522.43022  	10121.90924  	10350.8378  	10388.6226  	10033.50937  	9571.954109  	10372.80407  	10379.42294  	10640.91589  
10216.54825  	9945.385143  	9935.314492  	10528.49784  	10106.40531  	10347.73064  	10386.94211  	10034.72588  	9567.578466  	10374.33382  	10383.19509  	10638.61963  
10208.57463  	9928.824503  	9923.063025  	10517.89863  	10092.9541  	10350.32595  	10377.77851  	10019.27792  	9569.342999  	10360.97759  	10369.51594  	10628.23628  
10233.27429  	9940.717592  	9943.584653  	10522.4135  	10118.2648  	10409.62202  	10386.47574  	10026.34894  	9578.109416  	10364.26939  	10376.73904  	10669.15549  
10221.12874  	9932.883409  	9939.623732  	10528.07055  	10110.84263  	10382.88019  	10393.54199  	10034.42361  	9573.276628  	10378.56508  	10379.52555  	10671.36239  
10235.34131  	9955.810144  	9939.188144  	10546.86733  	10132.71578  	10409.74446  	10404.21651  	10043.41715  	9574.41109  	10391.95461  	10417.46362  	10688.98138  
10237.52721  	9951.549654  	9923.799153  	10539.39062  	10131.09998  	10416.5197  	10393.73965  	10030.42475  	9566.785358  	10376.22092  	10402.23843  	10688.87138  
10249.00944  	9960.218711  	9943.376462  	10536.43478  	10141.68066  	10425.74693  	10410.29898  	10038.4021  	9575.509186  	10378.69371  	10426.32619  	10698.27296  
10250.57399  	9957.335563  	9940.850483  	10547.4531  	10142.676  	10413.50717  	10417.4029  	10039.66755  	9566.0408  	10386.69933  	10423.10849  	10674.616  
10242.88854  	9959.327158  	9935.233005  	10547.68205  	10138.44021  	10383.11851  	10406.14549  	10033.37847  	9547.711941  	10378.18263  	10410.01347  	10650.80785  
10231.64363  	9931.098009  	9921.875268  	10529.77797  	10105.19356  	10363.10869  	10390.6423  	10006.24896  	9547.045962  	10361.98926  	10373.5545  	10617.52686  
10230.15096  	9927.74123  	9919.015241  	10518.82714  	10117.57548  	10398.39728  	10388.22237  	9996.784505  	9546.055269  	10346.34241  	10365.8008  	10637.42174  
10218.9638  	9914.730655  	9917.460366  	10520.86092  	10098.54957  	10367.60429  	10385.98005  	9981.447255  	9526.072272  	10346.72388  	10371.12376  	10636.74843  
10207.44089  	9915.370173  	9902.72692  	10512.05884  	10103.68427  	10369.85984  	10375.32481  	9979.088633  	9517.43389  	10343.44174  	10364.15111  	10619.96213  
10190.8126  	9900.876299  	9888.839772  	10497.97707  	10079.9841  	10346.84093  	10359.72302  	9965.664703  	9515.107482  	10330.78309  	10343.68161  	10604.77187  
10207.92104  	9903.813749  	9901.571917  	10498.42143  	10113.79571  	10396.42242  	10374.19798  	9963.649228  	9531.899388  	10332.69584  	10357.52614  	10640.3422  
10189.05502  	9890.867793  	9906.918035  	10496.41821  	10088.14352  	10361.59759  	10367.58745  	9970.952663  	9523.191585  	10343.10541  	10347.68531  	10629.30936  
10187.3766  	9896.163327  	9909.891441  	10509.38561  	10099.41148  	10382.71819  	10367.59046  	9976.527491  	9517.695087  	10343.44915  	10375.43161  	10641.62036  
10178.32478  	9895.223908  	9904.920749  	10496.56673  	10089.51423  	10379.19445  	10362.8491  	9969.175868  	9524.744059  	10338.87288  	10348.15269  	10632.86312  
10200.98652  	9919.415126  	9922.670387  	10500.60416  	10107.466  	10421.75824  	10366.97673  	9980.908484  	9544.633868  	10335.24229  	10361.07491  	10671.90738  
10193.13317  	9921.452584  	9934.406358  	10497.87943  	10113.21956  	10403.94717  	10375.70345  	9997.012261  	9558.724179  	10348.78959  	10373.09797  	10677.0449  
10211.91854  	9944.435373  	9944.352576  	10522.32947  	10132.8906  	10420.51238  	10386.15948  	10015.19335  	9553.475021  	10368.70761  	10407.24259  	10703.21161  
10214.3652  	9943.378339  	9945.069261  	10525.4358  	10129.36621  	10422.2136  	10381.04947  	10006.5256  	9553.282831  	10359.52643  	10397.98411  	10685.48519  
10223.28399  	9946.357961  	9944.77394  	10526.58959  	10130.80714  	10449.42006  	10379.94032  	10011.46379  	9559.795374  	10349.28153  	10400.17884  	10699.99927  
10228.40288  	9952.371656  	9953.110122  	10530.2062  	10121.82273  	10443.17666  	10383.39671  	10018.82703  	9558.136855  	10357.87231  	10378.58773  	10684.84903  
10234.58921  	9947.158475  	9954.087596  	10544.33151  	10131.34797  	10421.65738  	10397.75098  	10016.75134  	9547.822945  	10370.55625  	10414.8072  	10678.62448  
10217.3142  	9931.896959  	9941.537974  	10532.49477  	10107.38382  	10409.11924  	10381.70991  	9992.164321  	9534.223743  	10358.31704  	10371.31249  	10650.13439  
10222.86435  	9933.85997  	9932.277442  	10525.48476  	10105.45338  	10409.68677  	10381.36067  	9984.643136  	9535.226211  	10349.96142  	10362.56556  	10655.10953  
10223.1705  	9927.58136  	9938.624779  	10519.34707  	10103.4055  	10422.48858  	10383.58331  	9990.260976  	9551.35045  	10350.99667  	10377.7257  	10665.53156  
10225.23968  	9922.719731  	9931.245851  	10525.60842  	10116.28937  	10389.49322  	10391.71098  	9992.366304  	9538.435496  	10357.51796  	10380.90985  	10642.76854  
10211.79183  	9925.126432  	9922.579165  	10522.79693  	10098.28265  	10369.41092  	10375.89928  	9987.473628  	9531.129346  	10348.24182  	10364.90125  	10616.26839  
10202.05616  	9903.878581  	9912.826366  	10510.78337  	10084.00994  	10358.84324  	10365.55849  	9975.563153  	9536.905006  	10337.97197  	10347.38234  	10609.7633  
10217.28531  	9923.16103  	9921.006795  	10510.96772  	10103.55814  	10403.95333  	10370.11602  	9984.749434  	9539.699484  	10344.34401  	10331.41213  	10649.29104  
10196.91392  	9904.980062  	9910.847616  	10502.50421  	10087.90366  	10368.33005  	10369.03734  	9980.424816  	9545.9121  	10338.15837  	10348.80687  	10632.70424  
10199.25351  	9912.39685  	9904.01827  	10515.95582  	10094.75114  	10372.681  	10374.36965  	9987.131339  	9532.928992  	10353.1141  	10364.83061  	10633.98848  
10190.27423  	9903.5415  	9903.513011  	10501.55759  	10079.87083  	10370.1809  	10363.09419  	9982.827195  	9534.179596  	10341.97194  	10351.97963  	10623.22608  
10200.37886  	9901.762118  	9906.866265  	10501.9256  	10087.25005  	10378.78159  	10369.26022  	9977.465873  	9552.095395  	10342.76021  	10344.46826  	10640.0161  
10200.38617  	9914.62594  	9917.140832  	10502.24018  	10090.76275  	10400.52362  	10372.26542  	9992.308646  	9556.865163  	10351.20091  	10359.72538  	10658.59232  
10202.74288  	9907.691309  	9920.223222  	10512.62294  	10103.36249  	10398.7184  	10377.69747  	9999.381934  	9554.303807  	10364.72192  	10369.72186  	10665.39194  
10200.16326  	9913.52619  	9912.77677  	10517.08025  	10096.72264  	10387.42497  	10383.68957  	10003.57697  	9548.025567  	10367.94883  	10375.86945  	10664.69544  
10189.37057  	9909.357491  	9907.342926  	10503.84365  	10090.38991  	10384.57558  	10366.87934  	9985.221154  	9546.177526  	10356.51696  	10361.80852  	10650.33618  
10209.65323  	9920.060224  	9908.706204  	10499.63015  	10099.9338  	10435.37649  	10380.12643  	9997.454006  	9551.908845  	10358.87991  	10372.29877  	10689.04245  
10191.70166  	9901.397989  	9913.607952  	10501.09945  	10090.18728  	10392.52108  	10371.84782  	9999.357602  	9551.725895  	10345.17606  	10375.35421  	10664.25533  
10205.8397  	9922.405743  	9911.665774  	10520.46902  	10104.5952  	10394.3769  	10388.50607  	10009.59321  	9539.989869  	10360.37337  	10388.41188  	10684.08612  
10200.73333  	9913.938093  	9916.341557  	10514.62585  	10085.28236  	10381.02331  	10376.59726  	9994.284854  	9540.39033  	10353.52839  	10367.28294  	10655.84589  
10218.81052  	9914.588034  	9914.85639  	10518.78195  	10106.83528  	10414.96433  	10389.12992  	10003.77233  	9548.931877  	10349.72797  	10369.45482  	10698.77658  
10210.42639  	9902.888338  	9924.529001  	10512.23633  	10098.05324  	10410.83936  	10380.91982  	10005.71843  	9560.745128  	10352.07484  	10376.57407  	10701.75743  
10214.58838  	9909.441802  	9925.721102  	10528.49991  	10118.90545  	10395.16431  	10394.13756  	10010.95027  	9541.949712  	10361.573  	10389.12229  	10698.09337  
10218.9733  	9918.411311  	9915.176585  	10526.69056  	10110.50853  	10391.27685  	10386.2538  	10007.07125  	9540.762625  	10358.29993  	10397.93414  	10692.65689  
10217.92597  	9914.26595  	9911.471157  	10520.72017  	10114.96176  	10407.86737  	10385.56007  	10000.6041  	9539.450182  	10350.41842  	10372.52051  	10680.65176  
10228.52237  	9928.013257  	9918.577341  	10519.52386  	10135.12054  	10451.30328  	10395.36523  	10010.35805  	9553.847199  	10354.93398  	10392.1941  	10706.31027  
10216.33673  	9919.224993  	9917.5388  	10517.83049  	10123.10612  	10418.1396  	10383.15635  	10010.89459  	9546.037888  	10351.35514  	10378.20019  	10687.89693  
10219.15745  	9933.0844  	9900.479816  	10526.58463  	10125.46597  	10407.83934  	10395.21169  	10020.36849  	9535.389757  	10358.66291  	10394.20332  	10696.14241  
10206.73175  	9917.386731  	9900.334162  	10515.87623  	10104.28577  	10389.08259  	10370.74122  	9999.936303  	9527.335641  	10348.70925  	10374.83187  	10672.61513  
10197.66095  	9907.97389  	9886.888227  	10500.30264  	10093.67572  	10381.60992  	10363.90771  	9988.151988  	9529.555301  	10337.44643  	10372.92881  	10661.3818  
10192.43755  	9902.752348  	9897.259893  	10493.68432  	10090.13817  	10381.68428  	10362.53264  	9986.254531  	9530.409187  	10330.21791  	10367.6086  	10655.84005  
10209.4031  	9910.999905  	9910.724636  	10502.75361  	10109.09921  	10433.20452  	10374.38064  	9996.042977  	9540.048599  	10329.1963  	10373.05688  	10685.86347  
10194.25128  	9896.493184  	9911.222489  	10496.72733  	10093.49779  	10419.88611  	10366.75663  	9988.270072  	9540.348922  	10327.84864  	10360.4541  	10675.99662  
10206.53403  	9918.568928  	9922.970115  	10515.87172  	10121.02304  	10407.01856  	10388.24291  	10002.69683  	9537.790434  	10346.97674  	10389.09413  	10681.91748  
10197.54595  	9909.164167  	9922.496958  	10511.28718  	10105.74195  	10416.59385  	10372.07868  	9988.733874  	9543.813508  	10337.5885  	10375.49  	10676.03515  
10203.90031  	9912.316006  	9921.602001  	10508.48947  	10109.2587  	10423.78619  	10369.51753  	9992.145187  	9541.082365  	10339.21044  	10374.30896  	10680.3511  
10222.81686  	9934.878206  	9934.878674  	10515.13737  	10136.0861  	10462.07828  	10383.09134  	10013.81762  	9567.429719  	10345.41444  	10387.00826  	10735.49221  
10212.23314  	9931.470283  	9924.400293  	10515.85487  	10120.5284  	10422.48522  	10386.14799  	10021.99826  	9566.421031  	10358.83598  	10391.41946  	10700.87278  
10223.58564  	9957.196796  	9929.872527  	10538.33082  	10141.02206  	10413.59705  	10400.68014  	10042.02625  	9562.178556  	10375.46201  	10420.56093  	10703.22814  
10221.75142  	9954.319046  	9930.196512  	10528.10649  	10124.08882  	10408.56791  	10386.77995  	10031.41379  	9564.802809  	10368.17845  	10391.6098  	10672.84374  
10231.51866  	9957.99216  	9925.349221  	10527.83643  	10128.13544  	10430.27818  	10392.16674  	10033.33484  	9573.309865  	10373.91488  	10377.54916  	10698.06548  
10227.56356  	9957.972326  	9933.119607  	10514.41378  	10120.2805  	10437.52273  	10382.84835  	10028.91787  	9570.677041  	10357.51791  	10380.1713  	10699.46501  
10228.24188  	9954.366284  	9933.698271  	10522.18523  	10124.04068  	10414.58864  	10396.01741  	10044.87706  	9565.73014  	10368.97147  	10400.7081  	10710.23368  
10229.35349  	9971.514032  	9932.40088  	10524.38798  	10130.90865  	10431.16875  	10389.42988  	10041.2678  	9551.512411  	10364.3481  	10401.22051  	10695.73295  
10213.48709  	9950.832469  	9928.110421  	10511.43242  	10106.05215  	10399.07767  	10377.31354  	10030.11314  	9557.211225  	10352.81519  	10379.57054  	10677.81049  
10217.42602  	9946.644403  	9929.333634  	10511.76053  	10116.05031  	10420.30977  	10376.32509  	10028.27268  	9566.263557  	10352.3951  	10369.61582  	10691.22791  
10212.26984  	9943.22211  	9928.133899  	10505.70109  	10114.00378  	10437.66318  	10372.60929  	10029.18252  	9561.021529  	10337.07933  	10360.17232  	10703.69416  
10205.96739  	9944.155264  	9931.40304  	10519.11607  	10117.79337  	10399.42231  	10385.73691  	10029.89864  	9552.959293  	10355.20765  	10381.93134  	10693.94117  
10204.08273  	9952.781743  	9923.539181  	10513.58085  	10110.57592  	10414.23792  	10383.39942  	10025.80947  	9547.583918  	10359.00544  	10397.87411  	10689.28269  
10195.91569  	9941.618604  	9923.565674  	10503.9888  	10095.74682  	10397.72557  	10375.46232  	10010.26609  	9547.815631  	10347.55797  	10371.32667  	10670.89311  
10210.81725  	9947.036434  	9930.303077  	10509.03949  	10123.94089  	10428.75229  	10381.46282  	10017.40586  	9558.16744  	10350.74232  	10375.95083  	10695.98617  
10202.34624  	9936.834191  	9934.801385  	10504.96524  	10107.74367  	10397.93036  	10373.88051  	10013.62148  	9561.218261  	10345.52534  	10359.32961  	10674.38793  
10214.84727  	9938.036101  	9947.832287  	10525.38183  	10125.21068  	10382.55221  	10391.52277  	10025.19972  	9561.331607  	10361.88327  	10390.85043  	10668.56488  
10202.79528  	9938.286059  	9932.695873  	10522.42951  	10102.98447  	10366.10019  	10384.30082  	10018.31587  	9547.093982  	10366.61647  	10379.78018  	10651.10868  
10196.62339  	9921.730521  	9923.383116  	10508.47419  	10088.79497  	10351.78677  	10374.79978  	10005.10874  	9549.09215  	10350.71486  	10361.99076  	10628.21092  
10204.21038  	9921.803495  	9927.513704  	10504.39978  	10088.2608  	10392.71873  	10375.58171  	10006.6409  	9561.131728  	10346.2551  	10366.90983  	10664.48618  
10197.5151  	9921.720073  	9932.093367  	10504.41924  	10079.92827  	10382.96221  	10370.18242  	10012.07014  	9563.797768  	10347.0494  	10358.89423  	10657.26788  
10213.0021  	9936.284782  	9926.030205  	10517.91457  	10110.97418  	10387.4013  	10388.08939  	10025.0715  	9565.098289  	10362.48962  	10392.89072  	10670.64391  
10203.75859  	9939.601494  	9937.073707  	10522.21906  	10103.42997  	10381.73929  	10376.67052  	10021.5071  	9567.852044  	10359.59544  	10370.82844  	10660.29364  
10206.3554  	9932.371119  	9936.722184  	10516.89006  	10094.77944  	10397.74847  	10369.61392  	10016.13045  	9575.694191  	10355.77749  	10378.76907  	10664.60661  
10208.96829  	9940.313418  	9929.610755  	10518.03076  	10108.82147  	10426.50844  	10368.93458  	10019.56731  	9577.555634  	10349.43991  	10368.21949  	10689.54439  
10214.79074  	9936.441833  	9924.766891  	10514.91558  	10104.8632  	10391.39985  	10382.92592  	10026.19924  	9567.703883  	10358.2331  	10389.26433  	10695.50413  
10217.52528  	9937.772594  	9924.458394  	10524.03165  	10109.8488  	10388.13618  	10385.13163  	10023.12784  	9550.969391  	10359.59584  	10394.8564  	10672.75787  
10211.78534  	9921.454964  	9917.940099  	10527.02753  	10101.39001  	10385.22146  	10377.71562  	10000.36319  	9561.925865  	10355.02201  	10378.86841  	10648.42056  
10236.15436  	9930.843309  	9924.450426  	10536.17733  	10115.98713  	10413.52108  	10389.24695  	10003.80254  	9566.998065  	10357.44171  	10372.95936  	10664.11871  
10218.72925  	9921.693262  	9925.095883  	10521.653  	10109.02181  	10414.09757  	10379.69605  	10010.56193  	9565.035127  	10352.56158  	10353.57598  	10670.71484  
10222.92083  	9923.892293  	9932.1887  	10535.05223  	10117.30188  	10406.21999  	10393.1911  	10013.07392  	9556.005975  	10365.21365  	10393.83418  	10680.9317  
10224.13272  	9926.499675  	9930.401814  	10529.83666  	10118.673  	10397.55468  	10387.15223  	10013.80358  	9548.459292  	10359.53553  	10396.13025  	10687.75586  
10218.82763  	9912.278612  	9925.847104  	10518.59646  	10112.19814  	10387.56067  	10377.00482  	10004.59472  	9552.989412  	10348.10621  	10367.94346  	10676.09188  
10219.10176  	9920.513385  	9931.041417  	10513.98632  	10118.17671  	10425.77607  	10381.15417  	10005.42353  	9564.894896  	10347.07725  	10374.80105  	10691.19068  
10212.6531  	9917.610358  	9939.271631  	10510.29634  	10114.73682  	10414.99169  	10374.50037  	10008.58582  	9568.637773  	10345.63519  	10366.266  	10674.84934  
10218.65411  	9926.15302  	9941.549655  	10520.44512  	10130.69764  	10400.97083  	10389.87221  	10018.92205  	9558.874821  	10360.15674  	10396.82899  	10675.84275  
10215.41318  	9928.236404  	9946.101974  	10520.16299  	10127.10652  	10400.43607  	10379.64557  	10014.50144  	9548.475333  	10348.6486  	10395.87864  	10669.08794  
10214.61546  	9916.180081  	9934.321187  	10508.1235  	10119.63295  	10406.85668  	10371.1873  	9993.625028  	9557.770982  	10344.05467  	10389.41  	10653.86457  
10221.23701  	9927.098404  	9944.464011  	10505.92671  	10122.14325  	10431.34081  	10378.9576  	10002.32115  	9572.592941  	10351.83879  	10394.16176  	10680.53164  
10212.47383  	9927.926807  	9936.506471  	10512.07584  	10131.48484  	10415.30051  	10376.28811  	10015.32399  	9566.08574  	10354.9707  	10403.89265  	10672.07759  
10223.4049  	9951.81392  	9939.112539  	10525.58443  	10135.60704  	10421.43878  	10384.70707  	10031.68902  	9563.10775  	10363.20978  	10411.14056  	10685.00912  
10220.27956  	9943.777477  	9935.228086  	10522.84827  	10123.15106  	10396.74835  	10374.41835  	10015.76347  	9561.51914  	10358.11485  	10395.45636  	10670.19386  
10230.11011  	9957.960124  	9931.752767  	10520.70118  	10133.98203  	10436.54865  	10382.10849  	10031.94423  	9580.582078  	10352.10714  	10387.86146  	10706.49275  
10217.02543  	9941.433273  	9927.214116  	10509.09101  	10113.00964  	10422.78082  	10373.61547  	10026.29554  	9572.490775  	10348.09438  	10376.26683  	10681.35819  
10223.67365  	9949.220784  	9920.967967  	10527.15262  	10123.373  	10406.03436  	10385.2001  	10033.98051  	9566.461679  	10368.8458  	10409.35951  	10681.01802  
10217.43099  	9949.229177  	9919.294428  	10520.02078  	10114.72419  	10390.73861  	10377.66955  	10024.05951  	9562.99375  	10355.89688  	10392.29987  	10665.34069  
10217.78535  	9930.839941  	9919.957732  	10519.86348  	10109.35968  	10393.57349  	10376.38652  	10013.65159  	9564.858364  	10354.38529  	10376.78374  	10651.65306  
10227.57433  	9938.207456  	9918.1123  	10520.09974  	10122.28685  	10428.64141  	10385.37786  	10020.34617  	9572.220311  	10354.61717  	10365.83046  	10669.00871  
10222.12078  	9922.072571  	9922.921115  	10526.48075  	10107.74012  	10400.62804  	10387.44555  	10022.49772  	9561.384037  	10365.075  	10381.41295  	10668.20697  
10225.55107  	9932.125698  	9916.481264  	10534.73726  	10129.56478  	10399.42207  	10393.9597  	10026.67428  	9554.73738  	10368.18562  	10411.71425  	10661.25498  
10216.9156  	9919.751821  	9906.037289  	10526.79183  	10102.74804  	10387.16391  	10379.00487  	10005.1894  	9548.876205  	10357.90675  	10369.02076  	10636.19371  
10226.04086  	9923.290951  	9909.557108  	10513.44906  	10120.19929  	10406.58102  	10379.30364  	9995.701074  	9554.045325  	10353.00057  	10367.19127  	10645.70664  
10220.11544  	9912.659186  	9912.097008  	10514.73481  	10116.59803  	10405.66226  	10388.52392  	9999.80815  	9559.141938  	10370.76093  	10380.30205  	10667.51273  
10225.79933  	9935.091109  	9914.397799  	10528.44588  	10131.99516  	10406.26028  	10393.93281  	10009.77677  	9537.514541  	10367.72291  	10406.12501  	10675.59103  
10217.31498  	9925.76012  	9903.484764  	10517.83869  	10116.90285  	10390.3368  	10383.18985  	9991.640905  	9540.051904  	10357.035  	10379.02608  	10650.73347  
10233.13013  	9942.926984  	9918.396008  	10522.26093  	10130.40362  	10437.41335  	10397.5323  	10006.95334  	9549.900684  	10361.02713  	10386.33878  	10677.26333  
10225.19395  	9943.615887  	9923.957462  	10524.24768  	10118.88091  	10427.83569  	10393.96618  	10010.68434  	9550.898626  	10363.6852  	10376.13113  	10665.30441  
10229.76755  	9953.550268  	9930.126332  	10539.27181  	10117.90277  	10412.0068  	10400.25719  	10016.87244  	9544.466199  	10367.18135  	10393.35995  	10670.85488  
10217.60515  	9934.587817  	9917.24887  	10512.19918  	10106.80691  	10403.94933  	10381.50629  	9987.35086  	9535.884031  	10345.42048  	10361.83645  	10645.10418  
10222.31925  	9932.354684  	9918.089295  	10505.27228  	10116.88524  	10428.78556  	10383.10225  	9989.449302  	9536.684768  	10335.48512  	10372.89379  	10656.99767  
10210.9903  	9920.692676  	9925.062565  	10503.68619  	10103.54355  	10396.56077  	10385.1064  	9989.616527  	9541.732675  	10348.08653  	10387.2338  	10639.83155  
10212.31387  	9937.051674  	9926.488083  	10512.29455  	10117.95964  	10385.55002  	10383.63042  	9989.73715  	9530.21055  	10342.714  	10391.14088  	10643.66856  
10188.34507  	9921.117018  	9918.440928  	10498.49559  	10098.94306  	10375.67432  	10362.84953  	9981.09017  	9535.298308  	10331.72699  	10356.80731  	10611.04388  
10198.49048  	9930.814845  	9924.325695  	10497.52623  	10114.4381  	10410.9391  	10364.41685  	9981.93656  	9540.030927  	10321.93769  	10352.58591  	10635.21055  
10187.82808  	9920.900254  	9928.54983  	10496.61857  	10088.85501  	10385.70062  	10366.50058  	9994.928544  	9545.254473  	10336.11612  	10363.38591  	10641.70845  
10195.61719  	9936.89683  	9926.659738  	10512.98487  	10114.22599  	10393.75416  	10376.91762  	9997.438835  	9538.533915  	10347.48782  	10386.43687  	10649.00714  
10180.79275  	9932.678863  	9921.84063  	10499.71235  	10096.44315  	10375.48233  	10361.9546  	9987.917301  	9530.259743  	10337.32934  	10355.70146  	10628.91423  
10211.82548  	9942.324078  	9923.98035  	10505.4613  	10116.98535  	10438.04551  	10370.97833  	9991.505936  	9543.975608  	10333.15689  	10369.62943  	10669.98349  
10196.37747  	9931.890207  	9929.673671  	10502.1646  	10118.88324  	10410.02671  	10375.83635  	10001.00878  	9554.041748  	10344.52235  	10380.71006  	10664.10394  
10217.18914  	9953.969939  	9935.371977  	10535.87869  	10124.79986  	10400.36377  	10393.29741  	10017.38366  	9540.114237  	10367.66998  	10407.429  	10665.32235  
10212.15579  	9938.160341  	9926.177704  	10530.44083  	10104.8602  	10386.21493  	10379.68615  	9997.357781  	9538.387009  	10349.08805  	10378.68686  	10644.40965  
10226.38186  	9942.940795  	9916.90121  	10532.51597  	10113.00589  	10404.69896  	10380.38464  	9996.550383  	9541.397427  	10344.3416  	10368.56346  	10629.50459  
10227.60072  	9933.89447  	9926.810694  	10523.27961  	10111.65234  	10401.57379  	10380.52358  	9990.53123  	9548.731702  	10346.81523  	10364.54844  	10636.8993  
10223.07976  	9932.711605  	9928.572945  	10538.16554  	10124.31297  	10370.95036  	10391.66567  	9999.292761  	9540.970402  	10360.13298  	10383.74153  	10626.81348  
10209.36385  	9935.849562  	9914.673987  	10523.80613  	10097.95474  	10352.37993  	10378.13053  	9989.459028  	9530.563214  	10352.41656  	10372.41399  	10614.13225  
10214.21487  	9927.627033  	9904.089376  	10507.56645  	10094.98309  	10369.54235  	10368.18885  	9970.812727  	9532.845105  	10336.27571  	10349.59205  	10622.39596  
10203.96456  	9921.978943  	9917.39006  	10501.82551  	10100.34418  	10374.83627  	10371.53711  	9980.441121  	9553.009242  	10326.98443  	10359.27511  	10648.43366  
10179.90388  	9908.779883  	9905.901856  	10489.30761  	10073.68835  	10351.10608  	10362.80729  	9983.4002  	9533.020908  	10330.61507  	10350.54579  	10620.62074  
10182.22995  	9904.885491  	9919.035304  	10494.87604  	10087.72045  	10348.33915  	10361.42486  	9973.949205  	9527.913428  	10334.98652  	10344.35687  	10613.81442  
10185.51624  	9902.940593  	9929.860053  	10496.07798  	10097.23893  	10374.81778  	10358.45195  	9973.019464  	9546.739076  	10337.18172  	10344.34983  	10628.31867  
10186.55742  	9911.427751  	9925.968168  	10486.77264  	10091.80256  	10388.71391  	10357.64156  	9973.945618  	9548.10123  	10329.3869  	10344.35614  	10644.13373  
10190.50557  	9906.488664  	9928.518624  	10495.79032  	10099.09908  	10378.49358  	10370.97661  	9992.086529  	9541.236736  	10352.38543  	10367.60092  	10646.82514  
10196.54163  	9922.947226  	9928.15961  	10517.49949  	10110.94808  	10384.097  	10371.1572  	9996.023008  	9539.272122  	10355.31148  	10375.5951  	10655.18312  
10193.62038  	9919.190646  	9920.597009  	10507.6061  	10099.04091  	10372.09347  	10374.12515  	9987.828393  	9544.094868  	10353.05507  	10354.83968  	10652.38263  
10212.36434  	9930.813318  	9936.368883  	10510.25884  	10110.34397  	10419.66057  	10386.28981  	10006.99486  	9554.246864  	10357.86627  	10370.89657  	10687.07792  
10221.96725  	9937.471791  	9939.231387  	10529.23423  	10110.52056  	10398.5088  	10389.82075  	10015.23138  	9549.850527  	10372.10815  	10383.36334  	10668.79145  
10222.55603  	9935.999761  	9939.550447  	10533.11692  	10108.6627  	10388.78387  	10394.45769  	10004.67527  	9543.415659  	10382.84317  	10373.96546  	10677.60739  
10210.0783  	9922.714124  	9921.113465  	10516.53924  	10099.79836  	10377.66788  	10377.71663  	9994.912661  	9538.088706  	10356.39611  	10369.52173  	10654.6684  
10212.79163  	9917.244204  	9929.772309  	10515.59768  	10099.24366  	10423.81437  	10383.07748  	9994.314833  	9548.166933  	10356.84332  	10358.06384  	10671.2186  
10208.57376  	9918.539168  	9929.148886  	10516.28352  	10104.99766  	10405.07849  	10388.35704  	10000.06778  	9547.130546  	10362.17891  	10382.13035  	10665.1872  
10210.27333  	9926.870036  	9937.843816  	10525.34191  	10121.57311  	10409.02135  	10387.0421  	10001.54178  	9543.999539  	10364.06915  	10384.86602  	10686.69983  
10195.34619  	9915.850005  	9933.159483  	10508.1363  	10092.8325  	10386.47701  	10366.41361  	9985.139397  	9542.835304  	10345.73684  	10356.0802  	10659.34735  
10211.44847  	9935.543828  	9938.768995  	10514.58278  	10117.18507  	10438.08727  	10378.3523  	9996.551674  	9553.994183  	10340.63171  	10363.3526  	10673.09991  
10195.62841  	9927.16348  	9924.003656  	10504.11813  	10107.12921  	10412.33155  	10369.85126  	9997.178627  	9551.872796  	10337.99707  	10373.18889  	10663.95641  
10200.461  	9944.527324  	9929.591785  	10516.17188  	10121.89021  	10387.77223  	10374.05846  	10004.60022  	9534.278426  	10346.84313  	10385.38746  	10652.10694  
10189.95301  	9941.749543  	9913.155309  	10487.46125  	10099.35403  	10369.30273  	10357.70336  	9988.497898  	9524.795008  	10329.0567  	10351.5863  	10635.38483  
10194.71782  	9938.601543  	9919.288931  	10477.65516  	10101.56335  	10391.25373  	10360.78647  	9994.604042  	9543.928641  	10323.26667  	10353.75025  	10655.01606  
10177.89428  	9927.223121  	9920.93642  	10476.79659  	10098.72521  	10381.02893  	10353.14936  	9998.117946  	9538.266785  	10326.5143  	10358.12701  	10651.60581  
10194.15829  	9948.012022  	9925.696477  	10496.61602  	10106.14495  	10379.33336  	10367.08533  	10007.37282  	9537.605655  	10343.81467  	10386.11922  	10652.82866  
10183.35908  	9937.662147  	9922.740743  	10492.22082  	10096.69646  	10377.46027  	10362.50019  	10000.40481  	9540.076941  	10336.43113  	10360.85673  	10643.39947  
10208.8293  	9950.017057  	9943.736446  	10497.28656  	10130.29596  	10433.78931  	10372.00465  	10007.00602  	9553.711905  	10341.50155  	10373.29307  	10673.17586  
10192.85632  	9938.026143  	9943.014615  	10499.49657  	10103.43935  	10407.49552  	10367.77159  	10008.74146  	9563.666232  	10342.28527  	10378.70276  	10681.93932  
10220.62453  	9967.798107  	9952.120142  	10531.98835  	10141.79365  	10424.19744  	10397.26907  	10034.31873  	9561.966074  	10374.83824  	10420.36032  	10699.96866  
10224.18235  	9974.925015  	9944.720356  	10525.45773  	10137.56595  	10400.88585  	10387.09054  	10032.6638  	9564.864367  	10364.99328  	10402.65021  	10678.11722  
10226.02064  	9977.7074  	9938.001078  	10524.622  	10124.11624  	10400.80667  	10383.65143  	10029.21544  	9559.33791  	10359.09365  	10392.6913  	10667.52298  
10237.37343  	9983.549477  	9942.695666  	10528.62422  	10138.53171  	10424.8698  	10396.86056  	10048.44666  	9580.285207  	10357.9151  	10405.50625  	10689.34105  
10234.99009  	9980.395381  	9935.719259  	10534.97372  	10124.4737  	10398.94957  	10395.05828  	10052.12263  	9575.297769  	10375.0694  	10414.53029  	10667.36273  
10244.85606  	9981.870917  	9930.418862  	10551.17303  	10129.35451  	10402.98595  	10404.62305  	10045.2786  	9561.630629  	10379.29768  	10408.08935  	10656.9614  
10222.20565  	9949.627673  	9912.551125  	10528.44763  	10100.29212  	10379.85409  	10384.55787  	10003.37008  	9542.248097  	10365.11586  	10369.40916  	10621.23095  
10225.99809  	9949.312298  	9918.360148  	10520.17659  	10110.14289  	10424.79796  	10380.98236  	9990.892219  	9546.94831  	10356.20419  	10361.94816  	10652.28832  
10216.6403  	9925.640789  	9910.852442  	10514.91625  	10104.51847  	10403.06947  	10388.70317  	9988.032951  	9546.438659  	10358.73658  	10365.79994  	10656.41025  
10222.9905  	9932.115612  	9909.415575  	10529.41611  	10121.22084  	10390.44502  	10387.20441  	9984.19515  	9528.672427  	10359.93072  	10383.92231  	10657.9648  
10206.94346  	9913.311192  	9899.891446  	10513.33345  	10096.76732  	10377.1467  	10376.59006  	9969.960103  	9526.485547  	10351.1562  	10355.9736  	10630.39623  
10202.30693  	9908.048934  	9899.689978  	10495.85505  	10102.03913  	10386.74457  	10359.24852  	9957.56412  	9523.635409  	10332.82359  	10342.16744  	10635.1762  
10196.76114  	9909.411702  	9908.506004  	10496.78352  	10095.08181  	10417.4119  	10364.08802  	9972.026517  	9535.614435  	10331.61531  	10339.96223  	10663.89655  
10200.12997  	9914.084244  	9915.760306  	10516.42372  	10110.75229  	10394.24909  	10379.25811  	9987.14696  	9538.752798  	10350.3563  	10377.41743  	10655.46505  
10201.32002  	9920.396839  	9914.45513  	10513.86105  	10105.08783  	10391.73557  	10375.90384  	9989.079261  	9530.913561  	10347.54029  	10375.40358  	10661.18226  
10195.36486  	9910.620991  	9906.460066  	10511.72319  	10094.53765  	10385.17275  	10365.71737  	9981.260899  	9536.154016  	10335.37137  	10359.85763  	10639.48624  
10202.54043  	9925.416358  	9925.284804  	10507.92036  	10105.0954  	10419.28282  	10374.62778  	9988.780757  	9558.00249  	10344.33599  	10372.35185  	10667.08072  
10207.41803  	9927.763584  	9936.760531  	10519.65088  	10107.28325  	10411.91662  	10381.73278  	9998.540325  	9553.206301  	10353.25985  	10369.69786  	10664.34392  
10221.25516  	9944.763929  	9932.61323  	10531.95956  	10132.87107  	10412.28486  	10395.5013  	10012.8424  	9550.89294  	10370.28442  	10392.07387  	10686.83881  
10215.20207  	9944.811906  	9926.592071  	10523.41615  	10121.5371  	10406.47984  	10383.53693  	10002.47189  	9544.384362  	10364.17949  	10383.70039  	10678.62368  
10215.73851  	9940.310669  	9915.064743  	10506.11774  	10113.45944  	10411.3705  	10381.11856  	10006.60378  	9556.960592  	10347.05361  	10369.40039  	10683.23839  
10210.97328  	9937.770132  	9918.567991  	10498.14937  	10119.18487  	10428.42251  	10376.98771  	10012.92807  	9561.98439  	10349.83567  	10378.06959  	10673.98507  
10220.81405  	9936.192358  	9920.148974  	10517.82674  	10112.8396  	10406.24741  	10395.74392  	10020.43518  	9559.902859  	10366.86621  	10396.6428  	10689.1274  
10215.47624  	9933.418829  	9916.88034  	10523.80685  	10115.57179  	10413.43987  	10397.1192  	10013.46206  	9538.740372  	10371.81868  	10398.03034  	10676.11887  
10207.81293  	9911.811149  	9914.142085  	10519.54136  	10096.25927  	10406.43358  	10379.67715  	9989.084494  	9539.965391  	10352.39595  	10352.59674  	10644.23319  
10209.85656  	9921.247923  	9911.074378  	10510.22981  	10093.23359  	10421.70392  	10376.03563  	9986.0054  	9540.323106  	10340.78597  	10354.20844  	10653.74485  
10205.82209  	9910.580357  	9908.418869  	10507.24138  	10093.75139  	10414.20817  	10375.24095  	9977.426409  	9536.162769  	10337.15715  	10367.24674  	10663.90772  
10212.76117  	9921.410046  	9917.855696  	10523.08048  	10103.24173  	10413.12024  	10383.48237  	9984.901264  	9528.569171  	10353.1877  	10371.49212  	10671.44749  
10205.62053  	9914.676411  	9908.23671  	10519.63754  	10095.62432  	10395.3068  	10373.77402  	9977.660459  	9531.729243  	10342.96123  	10363.99743  	10655.46639  
10224.37774  	9923.288279  	9929.411337  	10525.55084  	10113.77377  	10432.52847  	10380.95807  	9985.939406  	9549.385064  	10351.41614  	10376.85692  	10676.40395  
10216.29299  	9933.203482  	9926.802717  	10518.81518  	10107.23939  	10431.81592  	10373.59927  	9991.847549  	9556.627153  	10344.22008  	10357.47021  	10675.412  
10221.60153  	9936.887173  	9933.142142  	10527.12263  	10115.9367  	10414.63794  	10386.11488  	10007.84805  	9553.932004  	10366.30695  	10392.51143  	10685.97348  
10225.53319  	9953.492289  	9924.802837  	10535.86319  	10109.94939  	10407.22495  	10383.75271  	10007.77684  	9548.117157  	10363.90546  	10386.15451  	10671.62919  
10218.08471  	9929.175925  	9907.772632  	10518.62553  	10092.44986  	10389.67417  	10371.52776  	9997.377249  	9544.65908  	10354.92053  	10358.67568  	10660.42678  
10235.81904  	9932.006829  	9915.918438  	10517.84258  	10113.57529  	10404.20677  	10382.0154  	10002.028  	9554.639808  	10356.39542  	10369.17134  	10662.6701  
10215.8211  	9919.85174  	9911.312547  	10518.5408  	10097.70378  	10378.0922  	10380.01238  	10002.37235  	9552.967332  	10364.89816  	10367.33463  	10644.56528  
10227.35885  	9932.34332  	9917.548508  	10532.46121  	10120.03181  	10383.20152  	10391.17587  	10010.57223  	9547.674208  	10374.85063  	10397.57478  	10661.37082  
10224.11145  	9920.758368  	9916.930749  	10520.24798  	10105.13803  	10379.83183  	10381.72691  	9997.023312  	9546.582856  	10370.01993  	10367.84668  	10638.38242  
10219.65299  	9924.898414  	9906.480896  	10510.49799  	10107.62772  	10410.68283  	10376.2041  	9991.82298  	9539.309897  	10355.33991  	10365.07824  	10650.76963  
10219.92735  	9929.28892  	9914.619011  	10505.07272  	10114.6198  	10421.31559  	10382.04633  	10003.29434  	9552.302358  	10351.82728  	10377.02292  	10674.64257  
10217.73176  	9937.379074  	9919.885375  	10518.34472  	10112.01463  	10401.46305  	10384.13095  	10011.1858  	9557.776254  	10357.50248  	10382.79496  	10676.9933  
10215.89926  	9937.777149  	9926.65887  	10522.32847  	10110.9353  	10389.9734  	10377.09294  	10008.07043  	9544.275612  	10351.25512  	10385.40007  	10685.6855  
10210.19883  	9926.449043  	9917.4057  	10517.64681  	10095.85314  	10383.79602  	10369.67336  	10006.78375  	9550.740348  	10342.42429  	10362.9663  	10661.31425  
10219.95212  	9928.575726  	9922.619297  	10518.93836  	10123.54305  	10445.12767  	10374.88425  	10009.99317  	9559.547181  	10349.05469  	10374.16064  	10692.74256  
10199.59607  	9921.995157  	9935.588832  	10506.23907  	10103.66744  	10403.88912  	10367.55485  	10005.77625  	9560.174303  	10342.36641  	10367.53662  	10674.97491  
10215.92564  	9935.748805  	9934.470397  	10529.78434  	10117.64265  	10396.2613  	10385.99069  	10021.04342  	9550.594783  	10358.40018  	10386.09971  	10698.47133  
10206.0137  	9922.783134  	9932.367478  	10511.81866  	10108.69618  	10373.8969  	10367.1687  	10006.48931  	9548.765492  	10349.4265  	10362.08478  	10668.04997  
10205.02663  	9917.439406  	9926.535301  	10504.3234  	10112.33786  	10390.71344  	10365.48931  	10006.25202  	9562.399852  	10339.70991  	10354.54492  	10664.94261  
10201.74762  	9917.184333  	9930.122634  	10503.49352  	10104.58621  	10381.00829  	10367.92175  	10010.60301  	9570.964762  	10335.51757  	10360.56965  	10663.22986  
10205.63632  	9922.667076  	9936.37199  	10511.11749  	10112.97393  	10369.26597  	10381.29709  	10018.21283  	9562.079936  	10358.57641  	10376.224  	10646.97796  
10202.01587  	9921.862222  	9937.012136  	10509.28197  	10100.55536  	10362.1073  	10369.13082  	10018.33575  	9558.374487  	10361.11507  	10375.15844  	10641.77453  
10200.63001  	9918.705205  	9923.420358  	10498.53907  	10103.50366  	10371.63706  	10366.38843  	10013.4694  	9565.028099  	10347.0252  	10364.49547  	10652.58315  
10204.4847  	9930.42624  	9932.571265  	10506.52448  	10104.9075  	10400.60677  	10374.42635  	10021.73975  	9571.069528  	10351.97554  	10372.03777  	10668.57136  
10202.71237  	9932.540587  	9928.84431  	10509.35608  	10118.10373  	10384.12373  	10377.39368  	10034.5745  	9574.617721  	10356.09778  	10385.3628  	10673.32348  
10214.78023  	9943.348226  	9940.742815  	10525.86142  	10116.21297  	10389.42504  	10385.89033  	10047.81981  	9574.229651  	10368.81087  	10401.19348  	10685.23082  
10216.63207  	9934.822896  	9947.968105  	10532.00242  	10126.55564  	10379.6162  	10385.88016  	10043.61222  	9575.96514  	10371.01253  	10389.53793  	10675.24751  
10231.45934  	9930.887983  	9942.942477  	10534.72209  	10124.90592  	10400.47517  	10388.92086  	10038.69735  	9585.842169  	10368.25485  	10384.73082  	10670.82028  
10230.65648  	9933.739408  	9936.848213  	10526.68141  	10117.84566  	10415.10525  	10382.91087  	10043.50629  	9573.339731  	10360.76543  	10395.66337  	10681.90024  
10234.58617  	9925.692067  	9936.713547  	10531.7478  	10125.8708  	10394.63617  	10405.95076  	10040.21266  	9566.01562  	10377.26763  	10418.83641  	10675.33738  
10233.8225  	9921.776725  	9933.619893  	10540.90347  	10117.6749  	10393.62469  	10401.31424  	10027.12264  	9553.276686  	10371.32136  	10399.248  	10670.21352  
10223.48869  	9908.231394  	9935.711267  	10526.02414  	10093.71831  	10392.03009  	10392.03142  	10006.28821  	9556.299362  	10359.02807  	10369.97763  	10663.99588  
10229.03593  	9920.290646  	9937.05598  	10530.00579  	10112.18273  	10429.16175  	10395.95075  	10007.23824  	9560.336509  	10362.59308  	10369.84473  	10676.39313  
10218.43575  	9918.821172  	9941.197246  	10518.84781  	10108.09401  	10407.38295  	10391.18607  	10008.14836  	9567.858797  	10355.21798  	10372.38044  	10667.33346  
10213.6301  	9935.781765  	9947.202307  	10526.57941  	10111.70052  	10393.45212  	10392.8469  	10014.2921  	9555.666208  	10364.30339  	10387.69878  	10665.99842  
10208.5441  	9941.324775  	9932.992181  	10518.44444  	10108.65087  	10385.33077  	10381.48926  	10005.8411  	9547.758141  	10362.2635  	10374.17245  	10643.29488  
10210.12976  	9936.544396  	9925.74293  	10518.26874  	10100.99158  	10409.76122  	10377.06326  	10000.26045  	9554.656806  	10348.8024  	10374.65535  	10655.389  
10211.32127  	9934.877265  	9926.486426  	10511.10914  	10115.48379  	10414.20441  	10386.29075  	10002.50352  	9553.807323  	10356.87442  	10377.16056  	10655.99078  
10217.36932  	9941.90689  	9923.072082  	10528.83818  	10120.6093  	10389.70922  	10395.52246  	10005.02647  	9549.563838  	10364.81861  	10396.48793  	10647.00139  
10217.30795  	9939.317927  	9921.335167  	10532.86378  	10117.96244  	10395.84861  	10387.44933  	9993.84248  	9541.763858  	10364.42795  	10382.27072  	10655.97206  
10221.18012  	9932.361851  	9913.413681  	10525.85291  	10123.73031  	10420.44176  	10384.70801  	9989.102319  	9547.982812  	10357.42028  	10375.42443  	10674.4403  
10212.5581  	9936.887919  	9921.901068  	10516.90094  	10113.80151  	10434.33128  	10380.50572  	9999.523087  	9554.230616  	10353.28986  	10375.7645  	10673.1391  
10212.37335  	9935.923656  	9916.327237  	10518.20515  	10123.87244  	10403.81658  	10387.6587  	10003.2622  	9539.653445  	10356.05784  	10407.76611  	10676.95038  
10207.97011  	9938.247161  	9908.166644  	10515.25806  	10109.24984  	10403.00209  	10373.76204  	9995.863777  	9530.130426  	10345.80275  	10380.70238  	10673.51155  
10196.36009  	9916.658311  	9901.574348  	10500.45085  	10100.71726  	10375.37962  	10361.26401  	9980.920853  	9530.213472  	10325.5214  	10356.78631  	10658.21564  
10196.32114  	9922.976664  	9917.191138  	10490.40382  	10102.1352  	10417.04928  	10365.85132  	9985.492966  	9543.861295  	10321.84399  	10355.54808  	10683.23949  
10190.4989  	9918.129153  	9911.450951  	10499.71927  	10091.76037  	10388.48942  	10362.31967  	9990.661927  	9538.499657  	10327.52559  	10361.49666  	10663.47852  
10193.19702  	9924.511046  	9923.764762  	10506.72358  	10097.70875  	10391.88807  	10366.91709  	9996.736144  	9525.387066  	10333.23174  	10367.07614  	10671.34118  
10180.70035  	9913.970341  	9914.02754  	10492.09523  	10091.00106  	10386.31074  	10356.32594  	9982.960538  	9528.183717  	10331.61386  	10356.80223  	10655.32661  
10192.77666  	9920.078516  	9910.30845  	10481.15379  	10099.92078  	10430.73461  	10357.90198  	9987.451059  	9528.725557  	10324.83544  	10349.66121  	10670.9241  
10178.10209  	9908.983108  	9914.644368  	10475.96109  	10086.08735  	10402.51594  	10359.76543  	9982.12369  	9539.591949  	10331.54161  	10358.37639  	10657.8604  
